//top PXMO_1	PXMO	PXMO_1
TDataSet *CreateTable() {
// -----------------------------------------------------------------
if (!gROOT->GetClass("St_Survey")) return 0;
Survey_st row[40] = {
   {  1, 1, 0, 0, 0, 0, 0, 0, 0, 0, 0, 0, 0, 0.001, 0.001,0.001,0.001,0.001, 0.001},
   {  2, 1, 0, 0, 0, 0, 0, 0, 0, 0, 0, 0, 0, 0.001, 0.001,0.001,0.001,0.001, 0.001},
   {  3, 1, 0, 0, 0, 0, 0, 0, 0, 0, 0, 0, 0, 0.001, 0.001,0.001,0.001,0.001, 0.001},
   {  4, 1, 0, 0, 0, 0, 0, 0, 0, 0, 0, 0, 0, 0.001, 0.001,0.001,0.001,0.001, 0.001},
   {  5, -0.840858, 0.541255, 0.000342914, -0.541255, -0.840859, 0.000443692, 0.000528493, 0.000187477, 1, -2.11226, 1.61048, 0.0562456, 0.001, 0.001,0.001,0.001,0.001, 0.001},
   {  6, 0.905328, -0.424711, 0.00110598, 0.424712, 0.905328, 0.000170819, -0.00107383, 0.000315076, 0.999999, -5.64141, 5.96251, 0.0340769, 0.001, 0.001,0.001,0.001,0.001, 0.001},
   {  7, 0.806379, -0.591399, -0.000452525, 0.5914, 0.806379, 0.000424654, 0.000113766, -0.000610055, 1, -6.76791, 4.6635, -0.0160526, 0.001, 0.001,0.001,0.001,0.001, 0.001},
   {  8, 0.639803, -0.768538, -0.000921876, 0.768538, 0.639804, -0.00104497, 0.00139291, -3.99213e-05, 0.999999, -7.60233, 3.12999, 0.0523398, 0.001, 0.001,0.001,0.001,0.001, 0.001},
   {  9, 1, 0, 0, 0, 0, 0, 0, 0, 0, 0, 0, 0, 0.001, 0.001,0.001,0.001,0.001, 0.001},
   {  10, 1, 0, 0, 0, 0, 0, 0, 0, 0, 0, 0, 0, 0.001, 0.001,0.001,0.001,0.001, 0.001},
   {  11, 1, 0, 0, 0, 0, 0, 0, 0, 0, 0, 0, 0, 0.001, 0.001,0.001,0.001,0.001, 0.001},
   {  12, 1, 0, 0, 0, 0, 0, 0, 0, 0, 0, 0, 0, 0.001, 0.001,0.001,0.001,0.001, 0.001},
   {  13, 0.266974, 0.963704, 6.46639e-05, -0.963704, 0.266974, 0.00017777, 0.000154054, -0.000109777, 1, -2.22293, -1.55029, 0.0299383, 0.001, 0.001,0.001,0.001,0.001, 0.001},
   {  14, -0.133432, -0.991058, 0.000115825, 0.991058, -0.133432, 6.75778e-05, -5.15187e-05, 0.000123807, 1, -7.40314, -3.53141, 0.0493465, 0.001, 0.001,0.001,0.001,0.001, 0.001},
   {  15, -0.346341, -0.938109, -0.000127017, 0.938109, -0.346341, -0.000537452, 0.000460198, -0.000305297, 1, -6.50171, -4.98093, 0.0136016, 0.001, 0.001,0.001,0.001,0.001, 0.001},
   {  16, -0.542278, -0.840199, -4.0448e-05, 0.840199, -0.542278, 0.000286186, -0.000262388, 0.000121208, 1, -5.32348, -6.22979, 0.0337236, 0.001, 0.001,0.001,0.001,0.001, 0.001},
   {  17, 1, 0, 0, 0, 0, 0, 0, 0, 0, 0, 0, 0, 0.001, 0.001,0.001,0.001,0.001, 0.001},
   {  18, 1, 0, 0, 0, 0, 0, 0, 0, 0, 0, 0, 0, 0.001, 0.001,0.001,0.001,0.001, 0.001},
   {  19, 1, 0, 0, 0, 0, 0, 0, 0, 0, 0, 0, 0, 0.001, 0.001,0.001,0.001,0.001, 0.001},
   {  20, 1, 0, 0, 0, 0, 0, 0, 0, 0, 0, 0, 0, 0.001, 0.001,0.001,0.001,0.001, 0.001},
   {  21, 1, 0, 0, 0, 0, 0, 0, 0, 0, 0, 0, 0, 0.001, 0.001,0.001,0.001,0.001, 0.001},
   {  22, 1, 0, 0, 0, 0, 0, 0, 0, 0, 0, 0, 0, 0.001, 0.001,0.001,0.001,0.001, 0.001},
   {  23, 1, 0, 0, 0, 0, 0, 0, 0, 0, 0, 0, 0, 0.001, 0.001,0.001,0.001,0.001, 0.001},
   {  24, 1, 0, 0, 0, 0, 0, 0, 0, 0, 0, 0, 0, 0.001, 0.001,0.001,0.001,0.001, 0.001},
   {  25, 0.837086, -0.547071, -0.000456236, 0.547071, 0.837086, -0.000460659, 0.000633922, 0.000136018, 1, 2.10013, -1.603, 0.0508175, 0.001, 0.001,0.001,0.001,0.001, 0.001},
   {  26, -0.896227, 0.443595, -0.000270838, -0.443595, -0.896227, -3.01246e-05, -0.000256095, 9.31434e-05, 1, 5.63796, -5.96974, 0.0613178, 0.001, 0.001,0.001,0.001,0.001, 0.001},
   {  27, -0.799952, 0.600064, 0.000420308, -0.600063, -0.799953, 0.000147677, 0.000424843, -0.000134077, 1, 6.77951, -4.66349, 0.00301368, 0.001, 0.001,0.001,0.001,0.001, 0.001},
   {  28, -0.657291, 0.753636, 0.000279642, -0.753636, -0.657292, 0.000319254, 0.000424408, -9.04769e-07, 1, 7.60625, -3.13037, 0.011461, 0.001, 0.001,0.001,0.001,0.001, 0.001},
   {  29, 1, 0, 0, 0, 0, 0, 0, 0, 0, 0, 0, 0, 0.001, 0.001,0.001,0.001,0.001, 0.001},
   {  30, 1, 0, 0, 0, 0, 0, 0, 0, 0, 0, 0, 0, 0.001, 0.001,0.001,0.001,0.001, 0.001},
   {  31, 1, 0, 0, 0, 0, 0, 0, 0, 0, 0, 0, 0, 0.001, 0.001,0.001,0.001,0.001, 0.001},
   {  32, 1, 0, 0, 0, 0, 0, 0, 0, 0, 0, 0, 0, 0.001, 0.001,0.001,0.001,0.001, 0.001},
   {  33, 1, 0, 0, 0, 0, 0, 0, 0, 0, 0, 0, 0, 0.001, 0.001,0.001,0.001,0.001, 0.001},
   {  34, 1, 0, 0, 0, 0, 0, 0, 0, 0, 0, 0, 0, 0.001, 0.001,0.001,0.001,0.001, 0.001},
   {  35, 1, 0, 0, 0, 0, 0, 0, 0, 0, 0, 0, 0, 0.001, 0.001,0.001,0.001,0.001, 0.001},
   {  36, 1, 0, 0, 0, 0, 0, 0, 0, 0, 0, 0, 0, 0.001, 0.001,0.001,0.001,0.001, 0.001},
   {  37, 1, 0, 0, 0, 0, 0, 0, 0, 0, 0, 0, 0, 0.001, 0.001,0.001,0.001,0.001, 0.001},
   {  38, 1, 0, 0, 0, 0, 0, 0, 0, 0, 0, 0, 0, 0.001, 0.001,0.001,0.001,0.001, 0.001},
   {  39, 1, 0, 0, 0, 0, 0, 0, 0, 0, 0, 0, 0, 0.001, 0.001,0.001,0.001,0.001, 0.001},
   {  40, 1, 0, 0, 0, 0, 0, 0, 0, 0, 0, 0, 0, 0.001, 0.001,0.001,0.001,0.001, 0.001},
 };
 Int_t n = 40;
 St_Survey *tableSet = new St_Survey("PxlLaddersOnSectors",n);
 for (Int_t i = 0; i < n; i++) {
	 tableSet->AddAt(&row[i].Id, i);
 }
 return (TDataSet *)tableSet;
}
