//top PXMO_1	PXMO	PXMO_1
TDataSet *CreateTable() { 
// -----------------------------------------------------------------
 if (!gROOT->GetClass("St_Survey")) return 0;
 Survey_st row[40] = {
{    1,-0.9968305,-0.0795552, 0.0000000, 0.0795552,-0.9968305, 0.0000000, 0.0000000, 0.0000000, 1.0000000,  -0.94439,   2.76421,   0.00000,   0.00100,   0.00100,   0.00100,   0.00100,   0.00100,   0.01000},// PXMO_1/PXLA_1/LADR_1/PXSI_1/PLAC_1
//  radius : 2.92108
{    2, 0.9846954, 0.1742841, 0.0000000,-0.1742841, 0.9846954, 0.0000000, 0.0000000,-0.0000000, 1.0000000,  -1.07111,   8.12889,   0.00000,   0.00100,   0.00100,   0.00100,   0.00100,   0.00100,   0.01000},// PXMO_1/PXLA_1/LADR_2/PXSI_1/PLAC_1
//  radius : 8.19916
{    3, 0.9994132,-0.0342541, 0.0000000, 0.0342541, 0.9994132, 0.0000000, 0.0000000,-0.0000000, 1.0000000,  -2.73780,   7.72857,   0.00000,   0.00100,   0.00100,   0.00100,   0.00100,   0.00100,   0.01000},// PXMO_1/PXLA_1/LADR_3/PXSI_1/PLAC_1
//  radius : 8.19917
{    4, 0.9704518,-0.2412953, 0.0000000, 0.2412953, 0.9704518, 0.0000000, 0.0000000,-0.0000000, 1.0000000,  -4.28482,   6.99046,   0.00000,   0.00100,   0.00100,   0.00100,   0.00100,   0.00100,   0.01000},// PXMO_1/PXLA_1/LADR_4/PXSI_1/PLAC_1
//  radius : 8.19916
{    5,-0.8532142, 0.5215607, 0.0000000,-0.5215607,-0.8532142, 0.0000000, 0.0000000,-0.0000000, 1.0000000,  -2.38878,   1.68119,   0.00000,   0.00100,   0.00100,   0.00100,   0.00100,   0.00100,   0.01000},// PXMO_1/PXLA_2/LADR_1/PXSI_1/PLAC_1
//  radius : 2.92108
{    6, 0.8990769,-0.4377906, 0.0000000, 0.4377906, 0.8990769, 0.0000000, 0.0000000,-0.0000000, 1.0000000,  -5.64459,   5.94683,   0.00000,   0.00100,   0.00100,   0.00100,   0.00100,   0.00100,   0.01000},// PXMO_1/PXLA_2/LADR_2/PXSI_1/PLAC_1
//  radius : 8.19916
{    7, 0.7884082,-0.6151525, 0.0000000, 0.6151525, 0.7884082, 0.0000000, 0.0000000,-0.0000000, 1.0000000,  -6.75767,   4.64330,   0.00000,   0.00100,   0.00100,   0.00100,   0.00100,   0.00100,   0.01000},// PXMO_1/PXLA_2/LADR_3/PXSI_1/PLAC_1
//  radius : 8.19917
{    8, 0.6432822,-0.7656292, 0.0000000, 0.7656292, 0.6432822, 0.0000000, 0.0000000,-0.0000000, 1.0000000,  -7.57539,   3.13684,   0.00000,   0.00100,   0.00100,   0.00100,   0.00100,   0.00100,   0.01000},// PXMO_1/PXLA_2/LADR_4/PXSI_1/PLAC_1
//  radius : 8.19916
{    9,-0.3836991, 0.9234582, 0.0000000,-0.9234582,-0.3836991, 0.0000000, 0.0000000,-0.0000000, 1.0000000,  -2.92075,  -0.04398,   0.00000,   0.00100,   0.00100,   0.00100,   0.00100,   0.00100,   0.01000},// PXMO_1/PXLA_3/LADR_1/PXSI_1/PLAC_1
//  radius : 2.92108
{   10, 0.4700416,-0.8826442, 0.0000000, 0.8826442, 0.4700416, 0.0000000, 0.0000000,-0.0000000, 1.0000000,  -8.06203,   1.49328,   0.00000,   0.00100,   0.00100,   0.00100,   0.00100,   0.00100,   0.01000},// PXMO_1/PXLA_3/LADR_2/PXSI_1/PLAC_1
//  radius : 8.19916
{   11, 0.2762581,-0.9610835, 0.0000000, 0.9610835, 0.2762581, 0.0000000, 0.0000000,-0.0000000, 1.0000000,  -8.19633,  -0.21555,   0.00000,   0.00100,   0.00100,   0.00100,   0.00100,   0.00100,   0.01000},// PXMO_1/PXLA_3/LADR_3/PXSI_1/PLAC_1
//  radius : 8.19917
{   12, 0.0704007,-0.9975188, 0.0000000, 0.9975188, 0.0704007, 0.0000000, 0.0000000,-0.0000000, 1.0000000,  -7.97241,  -1.91494,   0.00000,   0.00100,   0.00100,   0.00100,   0.00100,   0.00100,   0.01000},// PXMO_1/PXLA_3/LADR_4/PXSI_1/PLAC_1
//  radius : 8.19916
{   13, 0.2323760, 0.9726260, 0.0000000,-0.9726260, 0.2323760, 0.0000000, 0.0000000,-0.0000000, 1.0000000,  -2.33708,  -1.75235,   0.00000,   0.00100,   0.00100,   0.00100,   0.00100,   0.00100,   0.01000},// PXMO_1/PXLA_4/LADR_1/PXSI_1/PLAC_1
//  radius : 2.92108
{   14,-0.1385336,-0.9903577, 0.0000000, 0.9903577,-0.1385336, 0.0000000, 0.0000000, 0.0000000, 1.0000000,  -7.40004,  -3.53066,   0.00000,   0.00100,   0.00100,   0.00100,   0.00100,   0.00100,   0.01000},// PXMO_1/PXLA_4/LADR_2/PXSI_1/PLAC_1
//  radius : 8.19916
{   15,-0.3414132,-0.9399133, 0.0000000, 0.9399133,-0.3414132, 0.0000000, 0.0000000, 0.0000000, 1.0000000,  -6.50428,  -4.99206,   0.00000,   0.00100,   0.00100,   0.00100,   0.00100,   0.00100,   0.01000},// PXMO_1/PXLA_4/LADR_3/PXSI_1/PLAC_1
//  radius : 8.19917
{   16,-0.5293715,-0.8483901, 0.0000000, 0.8483901,-0.5293715, 0.0000000, 0.0000000, 0.0000000, 1.0000000,  -5.32424,  -6.23528,   0.00000,   0.00100,   0.00100,   0.00100,   0.00100,   0.00100,   0.01000},// PXMO_1/PXLA_4/LADR_4/PXSI_1/PLAC_1
//  radius : 8.19916
{   17, 0.7596914, 0.6502838, 0.0000000,-0.6502838, 0.7596914, 0.0000000, 0.0000000,-0.0000000, 1.0000000,  -0.86073,  -2.79139,   0.00000,   0.00100,   0.00100,   0.00100,   0.00100,   0.00100,   0.01000},// PXMO_1/PXLA_5/LADR_1/PXSI_1/PLAC_1
//  radius : 2.92108
{   18,-0.6941937,-0.7197882, 0.0000000, 0.7197882,-0.6941937, 0.0000000, 0.0000000, 0.0000000, 1.0000000,  -3.91149,  -7.20600,   0.00000,   0.00100,   0.00100,   0.00100,   0.00100,   0.00100,   0.01000},// PXMO_1/PXLA_5/LADR_2/PXSI_1/PLAC_1
//  radius : 8.19916
{   19,-0.8286763,-0.5597282, 0.0000000, 0.5597282,-0.8286763, 0.0000000, 0.0000000, 0.0000000, 1.0000000,  -2.32781,  -7.86178,   0.00000,   0.00100,   0.00100,   0.00100,   0.00100,   0.00100,   0.01000},// PXMO_1/PXLA_5/LADR_3/PXSI_1/PLAC_1
//  radius : 8.19917
{   20,-0.9269418,-0.3752053, 0.0000000, 0.3752053,-0.9269418, 0.0000000, 0.0000000, 0.0000000, 1.0000000,  -0.64239,  -8.17396,   0.00000,   0.00100,   0.00100,   0.00100,   0.00100,   0.00100,   0.01000},// PXMO_1/PXLA_5/LADR_4/PXSI_1/PLAC_1
//  radius : 8.19916
{   21, 0.9968305, 0.0795552, 0.0000000,-0.0795552, 0.9968305, 0.0000000, 0.0000000,-0.0000000, 1.0000000,   0.94439,  -2.76421,   0.00000,   0.00100,   0.00100,   0.00100,   0.00100,   0.00100,   0.01000},// PXMO_1/PXLA_6/LADR_1/PXSI_1/PLAC_1
//  radius : 2.92108
{   22,-0.9846954,-0.1742841, 0.0000000, 0.1742841,-0.9846954, 0.0000000, 0.0000000, 0.0000000, 1.0000000,   1.07111,  -8.12889,   0.00000,   0.00100,   0.00100,   0.00100,   0.00100,   0.00100,   0.01000},// PXMO_1/PXLA_6/LADR_2/PXSI_1/PLAC_1
//  radius : 8.19916
{   23,-0.9994132, 0.0342541, 0.0000000,-0.0342541,-0.9994132, 0.0000000, 0.0000000,-0.0000000, 1.0000000,   2.73780,  -7.72857,   0.00000,   0.00100,   0.00100,   0.00100,   0.00100,   0.00100,   0.01000},// PXMO_1/PXLA_6/LADR_3/PXSI_1/PLAC_1
//  radius : 8.19917
{   24,-0.9704518, 0.2412953, 0.0000000,-0.2412953,-0.9704518, 0.0000000, 0.0000000,-0.0000000, 1.0000000,   4.28482,  -6.99046,   0.00000,   0.00100,   0.00100,   0.00100,   0.00100,   0.00100,   0.01000},// PXMO_1/PXLA_6/LADR_4/PXSI_1/PLAC_1
//  radius : 8.19916
{   25, 0.8532142,-0.5215607, 0.0000000, 0.5215607, 0.8532142, 0.0000000, 0.0000000,-0.0000000, 1.0000000,   2.38878,  -1.68119,   0.00000,   0.00100,   0.00100,   0.00100,   0.00100,   0.00100,   0.01000},// PXMO_1/PXLA_7/LADR_1/PXSI_1/PLAC_1
//  radius : 2.92108
{   26,-0.8990769, 0.4377906, 0.0000000,-0.4377906,-0.8990769, 0.0000000, 0.0000000,-0.0000000, 1.0000000,   5.64459,  -5.94683,   0.00000,   0.00100,   0.00100,   0.00100,   0.00100,   0.00100,   0.01000},// PXMO_1/PXLA_7/LADR_2/PXSI_1/PLAC_1
//  radius : 8.19916
{   27,-0.7884082, 0.6151525, 0.0000000,-0.6151525,-0.7884082, 0.0000000, 0.0000000,-0.0000000, 1.0000000,   6.75767,  -4.64330,   0.00000,   0.00100,   0.00100,   0.00100,   0.00100,   0.00100,   0.01000},// PXMO_1/PXLA_7/LADR_3/PXSI_1/PLAC_1
//  radius : 8.19917
{   28,-0.6432822, 0.7656292, 0.0000000,-0.7656292,-0.6432822, 0.0000000, 0.0000000,-0.0000000, 1.0000000,   7.57539,  -3.13684,   0.00000,   0.00100,   0.00100,   0.00100,   0.00100,   0.00100,   0.01000},// PXMO_1/PXLA_7/LADR_4/PXSI_1/PLAC_1
//  radius : 8.19916
{   29, 0.3836991,-0.9234582, 0.0000000, 0.9234582, 0.3836991, 0.0000000, 0.0000000,-0.0000000, 1.0000000,   2.92075,   0.04398,   0.00000,   0.00100,   0.00100,   0.00100,   0.00100,   0.00100,   0.01000},// PXMO_1/PXLA_8/LADR_1/PXSI_1/PLAC_1
//  radius : 2.92108
{   30,-0.4700416, 0.8826442, 0.0000000,-0.8826442,-0.4700416, 0.0000000, 0.0000000,-0.0000000, 1.0000000,   8.06203,  -1.49328,   0.00000,   0.00100,   0.00100,   0.00100,   0.00100,   0.00100,   0.01000},// PXMO_1/PXLA_8/LADR_2/PXSI_1/PLAC_1
//  radius : 8.19916
{   31,-0.2762581, 0.9610835, 0.0000000,-0.9610835,-0.2762581, 0.0000000, 0.0000000,-0.0000000, 1.0000000,   8.19633,   0.21555,   0.00000,   0.00100,   0.00100,   0.00100,   0.00100,   0.00100,   0.01000},// PXMO_1/PXLA_8/LADR_3/PXSI_1/PLAC_1
//  radius : 8.19917
{   32,-0.0704007, 0.9975188, 0.0000000,-0.9975188,-0.0704007, 0.0000000, 0.0000000,-0.0000000, 1.0000000,   7.97241,   1.91494,   0.00000,   0.00100,   0.00100,   0.00100,   0.00100,   0.00100,   0.01000},// PXMO_1/PXLA_8/LADR_4/PXSI_1/PLAC_1
//  radius : 8.19916
{   33,-0.2323760,-0.9726260, 0.0000000, 0.9726260,-0.2323760, 0.0000000, 0.0000000, 0.0000000, 1.0000000,   2.33708,   1.75235,   0.00000,   0.00100,   0.00100,   0.00100,   0.00100,   0.00100,   0.01000},// PXMO_1/PXLA_9/LADR_1/PXSI_1/PLAC_1
//  radius : 2.92108
{   34, 0.1385336, 0.9903577, 0.0000000,-0.9903577, 0.1385336, 0.0000000, 0.0000000,-0.0000000, 1.0000000,   7.40004,   3.53066,   0.00000,   0.00100,   0.00100,   0.00100,   0.00100,   0.00100,   0.01000},// PXMO_1/PXLA_9/LADR_2/PXSI_1/PLAC_1
//  radius : 8.19916
{   35, 0.3414132, 0.9399133, 0.0000000,-0.9399133, 0.3414132, 0.0000000, 0.0000000,-0.0000000, 1.0000000,   6.50428,   4.99206,   0.00000,   0.00100,   0.00100,   0.00100,   0.00100,   0.00100,   0.01000},// PXMO_1/PXLA_9/LADR_3/PXSI_1/PLAC_1
//  radius : 8.19917
{   36, 0.5293715, 0.8483901, 0.0000000,-0.8483901, 0.5293715, 0.0000000, 0.0000000,-0.0000000, 1.0000000,   5.32424,   6.23528,   0.00000,   0.00100,   0.00100,   0.00100,   0.00100,   0.00100,   0.01000},// PXMO_1/PXLA_9/LADR_4/PXSI_1/PLAC_1
//  radius : 8.19916
{   37,-0.7596914,-0.6502838, 0.0000000, 0.6502838,-0.7596914, 0.0000000, 0.0000000, 0.0000000, 1.0000000,   0.86073,   2.79139,   0.00000,   0.00100,   0.00100,   0.00100,   0.00100,   0.00100,   0.01000},// PXMO_1/PXLA_10/LADR_1/PXSI_1/PLAC_1
//  radius : 2.92108
{   38, 0.6941937, 0.7197882, 0.0000000,-0.7197882, 0.6941937, 0.0000000, 0.0000000,-0.0000000, 1.0000000,   3.91149,   7.20600,   0.00000,   0.00100,   0.00100,   0.00100,   0.00100,   0.00100,   0.01000},// PXMO_1/PXLA_10/LADR_2/PXSI_1/PLAC_1
//  radius : 8.19916
{   39, 0.8286763, 0.5597282, 0.0000000,-0.5597282, 0.8286763, 0.0000000, 0.0000000,-0.0000000, 1.0000000,   2.32781,   7.86178,   0.00000,   0.00100,   0.00100,   0.00100,   0.00100,   0.00100,   0.01000},// PXMO_1/PXLA_10/LADR_3/PXSI_1/PLAC_1
//  radius : 8.19917
{   40, 0.9269418, 0.3752053, 0.0000000,-0.3752053, 0.9269418, 0.0000000, 0.0000000,-0.0000000, 1.0000000,   0.64239,   8.17396,   0.00000,   0.00100,   0.00100,   0.00100,   0.00100,   0.00100,   0.01000},// PXMO_1/PXLA_10/LADR_4/PXSI_1/PLAC_1
//  radius : 8.19916
 };
 Int_t n = 40;
 St_Survey *tableSet = new St_Survey("PxlLaddersOnSectors",n);
 for (Int_t i = 0; i < n; i++) {
	 tableSet->AddAt(&row[i].Id, i);
 }
 return (TDataSet *)tableSet;
}
