TDataSet *CreateTable() {
// -----------------------------------------------------------------
// IstLadderOnIst Allocated rows: 24  Used rows: 24  
//  Table: Survey_st[0]--> Survey_st[23]
// ====================================================================
// ------  Test whether this table share library was loaded ------
  if (!gROOT->GetClass("St_Survey")) return 0;
  Survey_st row[24] = {
  {    1,  -0.9380686,-0.3464494, 0.0000000,   0.3464494,-0.9380686, 0.0000000,   0.0000000, 0.0000000, 1.0000000,     1.79933,  13.89294,   0.00000,     0.10000,   0.10000,   0.10000,   0.10000,   0.10000,   0.10000},
  {    2,  -0.8164370,-0.5774345, 0.0000000,   0.5774345,-0.8164370, 0.0000000,   0.0000000, 0.0000000, 1.0000000,     5.33378,  12.95385,   0.00000,     0.10000,   0.10000,   0.10000,   0.10000,   0.10000,   0.10000},
  {    3,  -0.6391666,-0.7690683, 0.0000000,   0.7690683,-0.6391666, 0.0000000,   0.0000000, 0.0000000, 1.0000000,     8.50474,  11.13198,   0.00000,     0.10000,   0.10000,   0.10000,   0.10000,   0.10000,   0.10000},
  {    4,  -0.4183380,-0.9082914, 0.0000000,   0.9082914,-0.4183380, 0.0000000,   0.0000000, 0.0000000, 1.0000000,    11.09612,   8.55147,   0.00000,     0.10000,   0.10000,   0.10000,   0.10000,   0.10000,   0.10000},
  {    5,  -0.1690003,-0.9856160, 0.0000000,   0.9856160,-0.1690003, 0.0000000,   0.0000000, 0.0000000, 1.0000000,    12.93130,   5.38820,   0.00000,     0.10000,   0.10000,   0.10000,   0.10000,   0.10000,   0.10000},
  {    6,   0.0918544,-0.9957724, 0.0000000,   0.9957724, 0.0918544, 0.0000000,   0.0000000,-0.0000000, 1.0000000,    13.88525,   1.85774,   0.00000,     0.10000,   0.10000,   0.10000,   0.10000,   0.10000,   0.10000},
  {    7,   0.3464494,-0.9380686, 0.0000000,   0.9380686, 0.3464494, 0.0000000,   0.0000000,-0.0000000, 1.0000000,    13.89294,  -1.79933,   0.00000,     0.10000,   0.10000,   0.10000,   0.10000,   0.10000,   0.10000},
  {    8,   0.5774345,-0.8164370, 0.0000000,   0.8164370, 0.5774345, 0.0000000,   0.0000000,-0.0000000, 1.0000000,    12.95385,  -5.33378,   0.00000,     0.10000,   0.10000,   0.10000,   0.10000,   0.10000,   0.10000},
  {    9,   0.7690683,-0.6391666, 0.0000000,   0.6391666, 0.7690683, 0.0000000,   0.0000000,-0.0000000, 1.0000000,    11.13198,  -8.50473,   0.00000,     0.10000,   0.10000,   0.10000,   0.10000,   0.10000,   0.10000},
  {   10,   0.9082914,-0.4183380, 0.0000000,   0.4183380, 0.9082914, 0.0000000,   0.0000000,-0.0000000, 1.0000000,     8.55147, -11.09612,   0.00000,     0.10000,   0.10000,   0.10000,   0.10000,   0.10000,   0.10000},
  {   11,   0.9856160,-0.1690003, 0.0000000,   0.1690003, 0.9856160, 0.0000000,   0.0000000,-0.0000000, 1.0000000,     5.38820, -12.93130,   0.00000,     0.10000,   0.10000,   0.10000,   0.10000,   0.10000,   0.10000},
  {   12,   0.9957724, 0.0918544, 0.0000000,  -0.0918544, 0.9957724, 0.0000000,   0.0000000,-0.0000000, 1.0000000,     1.85773, -13.88525,   0.00000,     0.10000,   0.10000,   0.10000,   0.10000,   0.10000,   0.10000},
  {   13,   0.9380686, 0.3464494, 0.0000000,  -0.3464494, 0.9380686, 0.0000000,   0.0000000,-0.0000000, 1.0000000,    -1.79933, -13.89294,   0.00000,     0.10000,   0.10000,   0.10000,   0.10000,   0.10000,   0.10000},
  {   14,   0.8164370, 0.5774345, 0.0000000,  -0.5774345, 0.8164370, 0.0000000,   0.0000000,-0.0000000, 1.0000000,    -5.33378, -12.95385,   0.00000,     0.10000,   0.10000,   0.10000,   0.10000,   0.10000,   0.10000},
  {   15,   0.6391666, 0.7690683, 0.0000000,  -0.7690683, 0.6391666, 0.0000000,   0.0000000,-0.0000000, 1.0000000,    -8.50474, -11.13198,   0.00000,     0.10000,   0.10000,   0.10000,   0.10000,   0.10000,   0.10000},
  {   16,   0.4183380, 0.9082914, 0.0000000,  -0.9082914, 0.4183380, 0.0000000,   0.0000000,-0.0000000, 1.0000000,   -11.09612,  -8.55147,   0.00000,     0.10000,   0.10000,   0.10000,   0.10000,   0.10000,   0.10000},
  {   17,   0.1690005, 0.9856160, 0.0000000,  -0.9856160, 0.1690005, 0.0000000,   0.0000000,-0.0000000, 1.0000000,   -12.93130,  -5.38820,   0.00000,     0.10000,   0.10000,   0.10000,   0.10000,   0.10000,   0.10000},
  {   18,  -0.0918543, 0.9957725, 0.0000000,  -0.9957725,-0.0918543, 0.0000000,   0.0000000,-0.0000000, 1.0000000,   -13.88525,  -1.85774,   0.00000,     0.10000,   0.10000,   0.10000,   0.10000,   0.10000,   0.10000},
  {   19,  -0.3464493, 0.9380687, 0.0000000,  -0.9380687,-0.3464493, 0.0000000,   0.0000000,-0.0000000, 1.0000000,   -13.89294,   1.79933,   0.00000,     0.10000,   0.10000,   0.10000,   0.10000,   0.10000,   0.10000},
  {   20,  -0.5774346, 0.8164369, 0.0000000,  -0.8164369,-0.5774346, 0.0000000,   0.0000000,-0.0000000, 1.0000000,   -12.95385,   5.33378,   0.00000,     0.10000,   0.10000,   0.10000,   0.10000,   0.10000,   0.10000},
  {   21,  -0.7690684, 0.6391664, 0.0000000,  -0.6391664,-0.7690684, 0.0000000,   0.0000000,-0.0000000, 1.0000000,   -11.13198,   8.50474,   0.00000,     0.10000,   0.10000,   0.10000,   0.10000,   0.10000,   0.10000},
  {   22,  -0.9082914, 0.4183380, 0.0000000,  -0.4183380,-0.9082914, 0.0000000,   0.0000000,-0.0000000, 1.0000000,    -8.55147,  11.09611,   0.00000,     0.10000,   0.10000,   0.10000,   0.10000,   0.10000,   0.10000},
  {   23,  -0.9856160, 0.1690004, 0.0000000,  -0.1690004,-0.9856160, 0.0000000,   0.0000000,-0.0000000, 1.0000000,    -5.38820,  12.93130,   0.00000,     0.10000,   0.10000,   0.10000,   0.10000,   0.10000,   0.10000},
  {   24,  -0.9957724,-0.0918544, 0.0000000,   0.0918544,-0.9957724, 0.0000000,   0.0000000, 0.0000000, 1.0000000,    -1.85773,  13.88525,   0.00000,     0.10000,   0.10000,   0.10000,   0.10000,   0.10000,   0.10000}
  };
  St_Survey *tableSet = new St_Survey("istLadderOnIst",24);
  for (Int_t i = 0; i < 24; i++) tableSet->AddAt(&row[i].Id, i);
  // ----------------- end of code ---------------
  return (TDataSet *)tableSet;
}
