void write_ladderOnIst_survey()
{
    gSystem->Setenv("DB_ACCESS_MODE", "write");
    // Load all required libraries
    gROOT->Macro("LoadLogger.C");
    gSystem->Load("St_base.so");
    gSystem->Load("libStDb_Tables.so");
    gSystem->Load("StDbLib.so");
    
    // Initialize db manager
    StDbManager* mgr = StDbManager::Instance();
    StDbConfigNode* node = mgr->initConfig("Geometry_ist");
    StDbTable* dbtable = node->addDbTable("istLadderOnIst");
    TString storeTime = "2014-01-28 00:00:01"; // beginTime timestamp in MySQL format: "YYYY-MM-DD HH:mm:ss"
    mgr->setStoreTime(storeTime.Data());
    
    // Create your c-struct
    const Int_t MAX_DB_INDEX = 24;
    Survey_st table[MAX_DB_INDEX] = {
{    1,  -0.9386546,-0.3448588, 0.0000009,   0.3448588,-0.9386545,-0.0003118,   0.0001084,-0.0002923, 1.0000000,     1.83780,  13.83121,  -0.01799,     0.0010,   0.0010,   0.0010,   0.0010,   0.0010,   0.0010},
{    2,  -0.8170987,-0.5764977,-0.0001980,   0.5764978,-0.8170987,-0.0003131,   0.0000188,-0.0003700, 0.9999999,     5.36082,  12.88690,  -0.01596,     0.0010,   0.0010,   0.0010,   0.0010,   0.0010,   0.0010},
{    3,  -0.6372711,-0.7706397,-0.0002151,   0.7706397,-0.6372710,-0.0002916,   0.0000877,-0.0003515, 0.9999999,     8.54139,  11.07079,  -0.01330,     0.0010,   0.0010,   0.0010,   0.0010,   0.0010,   0.0010},
{    4,  -0.4170311,-0.9088921,-0.0004269,   0.9088922,-0.4170310,-0.0002802,   0.0000767,-0.0005048, 0.9999999,    11.11433,   8.48280,  -0.02203,     0.0010,   0.0010,   0.0010,   0.0010,   0.0010,   0.0010},
{    5,  -0.1689406,-0.9856262,-0.0002718,   0.9856262,-0.1689406,-0.0001018,   0.0000544,-0.0002851, 1.0000000,    12.91422,   5.35331,  -0.01499,     0.0010,   0.0010,   0.0010,   0.0010,   0.0010,   0.0010},
{    6,   0.0914116,-0.9958132,-0.0000459,   0.9958132, 0.0914116,-0.0001400,   0.0001436,-0.0000329, 1.0000000,    13.86773,   1.78726,  -0.03505,     0.0010,   0.0010,   0.0010,   0.0010,   0.0010,   0.0010},
{    7,   0.3452967,-0.9384935,-0.0003753,   0.9384936, 0.3452967, 0.0000412,   0.0000909,-0.0003665, 0.9999999,    13.89027,  -1.82003,   0.01606,     0.0010,   0.0010,   0.0010,   0.0010,   0.0010,   0.0010},
{    8,   0.5746139,-0.8184245,-0.0003054,   0.8184246, 0.5746140,-0.0000066,   0.0001809,-0.0002462, 1.0000000,    12.92665,  -5.37841,  -0.01333,     0.0010,   0.0010,   0.0010,   0.0010,   0.0010,   0.0010},
{    9,   0.7675071,-0.6410404,-0.0002264,   0.6410404, 0.7675071, 0.0002353,   0.0000229,-0.0003257, 0.9999999,    11.10859,  -8.56426,  -0.01598,     0.0010,   0.0010,   0.0010,   0.0010,   0.0010,   0.0010},
{   10,   0.9063875,-0.4224469,-0.0005581,   0.4224470, 0.9063876, 0.0001256,   0.0004528,-0.0003496, 0.9999998,     8.55075, -11.14552,  -0.00835,     0.0010,   0.0010,   0.0010,   0.0010,   0.0010,   0.0010},
{   11,   0.9859601,-0.1669812,-0.0001645,   0.1669812, 0.9859601,-0.0000114,   0.0001641,-0.0000162, 1.0000000,     5.37389, -12.96024,  -0.02056,     0.0010,   0.0010,   0.0010,   0.0010,   0.0010,   0.0010},
{   12,   0.9957131, 0.0924956,-0.0000016,  -0.0924956, 0.9957131, 0.0001454,   0.0000151,-0.0001447, 1.0000000,     1.83205, -13.89920,  -0.02511,     0.0010,   0.0010,   0.0010,   0.0010,   0.0010,   0.0010},
{   13,   0.9385940, 0.3450235, 0.0000198,  -0.3450235, 0.9385940, 0.0000047,  -0.0000170,-0.0000112, 1.0000000,    -1.85094, -13.90029,  -0.04640,     0.0010,   0.0010,   0.0010,   0.0010,   0.0010,   0.0010},
{   14,   0.8180840, 0.5750986, 0.0002226,  -0.5750986, 0.8180841,-0.0000189,  -0.0001929,-0.0001125, 1.0000000,    -5.34669, -12.95588,  -0.01968,     0.0010,   0.0010,   0.0010,   0.0010,   0.0010,   0.0010},
{   15,   0.6409497, 0.7675829, 0.0001197,  -0.7675829, 0.6409497, 0.0000099,  -0.0000692,-0.0000982, 1.0000000,    -8.49320, -11.14405,  -0.03080,     0.0010,   0.0010,   0.0010,   0.0010,   0.0010,   0.0010},
{   16,   0.4206865, 0.9072061, 0.0001822,  -0.9072060, 0.4206866,-0.0002080,  -0.0002653,-0.0000777, 1.0000000,   -11.11106,  -8.54055,  -0.02871,     0.0010,   0.0010,   0.0010,   0.0010,   0.0010,   0.0010},
{   17,   0.1731180, 0.9849011, 0.0000271,  -0.9849010, 0.1731180,-0.0003385,  -0.0003381, 0.0000319, 0.9999999,   -12.92415,  -5.39332,  -0.02656,     0.0010,   0.0010,   0.0010,   0.0010,   0.0010,   0.0010},
{   18,  -0.0897271, 0.9959664, 0.0001105,  -0.9959664,-0.0897271,-0.0002499,  -0.0002389,-0.0001325, 1.0000000,   -13.89895,  -1.84630,  -0.03826,     0.0010,   0.0010,   0.0010,   0.0010,   0.0010,   0.0010},
{   19,  -0.3455522, 0.9383995, 0.0001560,  -0.9383995,-0.3455520,-0.0004925,  -0.0004083,-0.0003166, 0.9999999,   -13.87018,   1.79885,  -0.01763,     0.0010,   0.0010,   0.0010,   0.0010,   0.0010,   0.0010},
{   20,  -0.5773508, 0.8164962, 0.0000804,  -0.8164961,-0.5773508,-0.0003765,  -0.0002610,-0.0002831, 0.9999999,   -12.96108,   5.28454,  -0.02804,     0.0010,   0.0010,   0.0010,   0.0010,   0.0010,   0.0010},
{   21,  -0.7690576, 0.6391795,-0.0000004,  -0.6391795,-0.7690575,-0.0004490,  -0.0002873,-0.0003451, 0.9999999,   -11.10397,   8.50236,  -0.04087,     0.0010,   0.0010,   0.0010,   0.0010,   0.0010,   0.0010},
{   22,  -0.9079711, 0.4190329,-0.0001319,  -0.4190328,-0.9079710,-0.0003280,  -0.0002572,-0.0002425, 0.9999999,    -8.56630,  11.06194,  -0.02271,     0.0010,   0.0010,   0.0010,   0.0010,   0.0010,   0.0010},
{   23,  -0.9855546, 0.1693579, 0.0001766,  -0.1693579,-0.9855546,-0.0001757,   0.0001443,-0.0002031, 1.0000000,    -5.36303,  12.89607,  -0.01069,     0.0010,   0.0010,   0.0010,   0.0010,   0.0010,   0.0010},
{   24,  -0.9958436,-0.0910796,-0.0000773,   0.0910796,-0.9958436,-0.0002430,  -0.0000549,-0.0002491, 1.0000000,    -1.81861,  13.85204,  -0.01834,     0.0010,   0.0010,   0.0010,   0.0010,   0.0010,   0.0010}
    };
    
    // Store data to the StDbTable
    dbtable->SetTable((char*)&table, MAX_DB_INDEX);
    
    // uncomment next line to set "sim" flavor. "ofl" flavor is set by default, no need to set it.
    dbtable->setFlavor("ofl");
    
    // Store table to database
    mgr->storeDbTable(dbtable);
}
