TDataSet *CreateTable() {
if (!gROOT->GetClass("St_Survey")) return 0;
Survey_st row[400] = {
   {  1, 0, 0, 0, 0, 0, 0, 0, 0, 0, 0, 0, -9.1125, 0.001, 0.001,0.001,0.001,0.001, 0.001},
   {  2, 0, 0, 0, 0, 0, 0, 0, 0, 0, 0, 0, -7.0875, 0.001, 0.001,0.001,0.001,0.001, 0.001},
   {  3, 0, 0, 0, 0, 0, 0, 0, 0, 0, 0, 0, -5.0625, 0.001, 0.001,0.001,0.001,0.001, 0.001},
   {  4, 0, 0, 0, 0, 0, 0, 0, 0, 0, 0, 0, -3.0375, 0.001, 0.001,0.001,0.001,0.001, 0.001},
   {  5, 0, 0, 0, 0, 0, 0, 0, 0, 0, 0, 0, -1.0125, 0.001, 0.001,0.001,0.001,0.001, 0.001},
   {  6, 0, 0, 0, 0, 0, 0, 0, 0, 0, 0, 0, 1.0125, 0.001, 0.001,0.001,0.001,0.001, 0.001},
   {  7, 0, 0, 0, 0, 0, 0, 0, 0, 0, 0, 0, 3.0375, 0.001, 0.001,0.001,0.001,0.001, 0.001},
   {  8, 0, 0, 0, 0, 0, 0, 0, 0, 0, 0, 0, 5.0625, 0.001, 0.001,0.001,0.001,0.001, 0.001},
   {  9, 0, 0, 0, 0, 0, 0, 0, 0, 0, 0, 0, 7.0875, 0.001, 0.001,0.001,0.001,0.001, 0.001},
   {  10, 0, 0, 0, 0, 0, 0, 0, 0, 0, 0, 0, 9.1125, 0.001, 0.001,0.001,0.001,0.001, 0.001},
   {  11, 0, 0, 0, 0, 0, 0, 0, 0, 0, 0, 0, -9.1125, 0.001, 0.001,0.001,0.001,0.001, 0.001},
   {  12, 0, 0, 0, 0, 0, 0, 0, 0, 0, 0, 0, -7.0875, 0.001, 0.001,0.001,0.001,0.001, 0.001},
   {  13, 0, 0, 0, 0, 0, 0, 0, 0, 0, 0, 0, -5.0625, 0.001, 0.001,0.001,0.001,0.001, 0.001},
   {  14, 0, 0, 0, 0, 0, 0, 0, 0, 0, 0, 0, -3.0375, 0.001, 0.001,0.001,0.001,0.001, 0.001},
   {  15, 0, 0, 0, 0, 0, 0, 0, 0, 0, 0, 0, -1.0125, 0.001, 0.001,0.001,0.001,0.001, 0.001},
   {  16, 0, 0, 0, 0, 0, 0, 0, 0, 0, 0, 0, 1.0125, 0.001, 0.001,0.001,0.001,0.001, 0.001},
   {  17, 0, 0, 0, 0, 0, 0, 0, 0, 0, 0, 0, 3.0375, 0.001, 0.001,0.001,0.001,0.001, 0.001},
   {  18, 0, 0, 0, 0, 0, 0, 0, 0, 0, 0, 0, 5.0625, 0.001, 0.001,0.001,0.001,0.001, 0.001},
   {  19, 0, 0, 0, 0, 0, 0, 0, 0, 0, 0, 0, 7.0875, 0.001, 0.001,0.001,0.001,0.001, 0.001},
   {  20, 0, 0, 0, 0, 0, 0, 0, 0, 0, 0, 0, 9.1125, 0.001, 0.001,0.001,0.001,0.001, 0.001},
   {  21, 0, 0, 0, 0, 0, 0, 0, 0, 0, 0, 0, -9.1125, 0.001, 0.001,0.001,0.001,0.001, 0.001},
   {  22, 0, 0, 0, 0, 0, 0, 0, 0, 0, 0, 0, -7.0875, 0.001, 0.001,0.001,0.001,0.001, 0.001},
   {  23, 0, 0, 0, 0, 0, 0, 0, 0, 0, 0, 0, -5.0625, 0.001, 0.001,0.001,0.001,0.001, 0.001},
   {  24, 0, 0, 0, 0, 0, 0, 0, 0, 0, 0, 0, -3.0375, 0.001, 0.001,0.001,0.001,0.001, 0.001},
   {  25, 0, 0, 0, 0, 0, 0, 0, 0, 0, 0, 0, -1.0125, 0.001, 0.001,0.001,0.001,0.001, 0.001},
   {  26, 0, 0, 0, 0, 0, 0, 0, 0, 0, 0, 0, 1.0125, 0.001, 0.001,0.001,0.001,0.001, 0.001},
   {  27, 0, 0, 0, 0, 0, 0, 0, 0, 0, 0, 0, 3.0375, 0.001, 0.001,0.001,0.001,0.001, 0.001},
   {  28, 0, 0, 0, 0, 0, 0, 0, 0, 0, 0, 0, 5.0625, 0.001, 0.001,0.001,0.001,0.001, 0.001},
   {  29, 0, 0, 0, 0, 0, 0, 0, 0, 0, 0, 0, 7.0875, 0.001, 0.001,0.001,0.001,0.001, 0.001},
   {  30, 0, 0, 0, 0, 0, 0, 0, 0, 0, 0, 0, 9.1125, 0.001, 0.001,0.001,0.001,0.001, 0.001},
   {  31, 0, 0, 0, 0, 0, 0, 0, 0, 0, 0, 0, -9.1125, 0.001, 0.001,0.001,0.001,0.001, 0.001},
   {  32, 0, 0, 0, 0, 0, 0, 0, 0, 0, 0, 0, -7.0875, 0.001, 0.001,0.001,0.001,0.001, 0.001},
   {  33, 0, 0, 0, 0, 0, 0, 0, 0, 0, 0, 0, -5.0625, 0.001, 0.001,0.001,0.001,0.001, 0.001},
   {  34, 0, 0, 0, 0, 0, 0, 0, 0, 0, 0, 0, -3.0375, 0.001, 0.001,0.001,0.001,0.001, 0.001},
   {  35, 0, 0, 0, 0, 0, 0, 0, 0, 0, 0, 0, -1.0125, 0.001, 0.001,0.001,0.001,0.001, 0.001},
   {  36, 0, 0, 0, 0, 0, 0, 0, 0, 0, 0, 0, 1.0125, 0.001, 0.001,0.001,0.001,0.001, 0.001},
   {  37, 0, 0, 0, 0, 0, 0, 0, 0, 0, 0, 0, 3.0375, 0.001, 0.001,0.001,0.001,0.001, 0.001},
   {  38, 0, 0, 0, 0, 0, 0, 0, 0, 0, 0, 0, 5.0625, 0.001, 0.001,0.001,0.001,0.001, 0.001},
   {  39, 0, 0, 0, 0, 0, 0, 0, 0, 0, 0, 0, 7.0875, 0.001, 0.001,0.001,0.001,0.001, 0.001},
   {  40, 0, 0, 0, 0, 0, 0, 0, 0, 0, 0, 0, 9.1125, 0.001, 0.001,0.001,0.001,0.001, 0.001},
   {  41, 0.999883, -0.0152815, -0.000137857, 0.0152813, 0.999883, -0.000861902, 0.000151012, 0.000859695, 1, -0.000624456, -0.000652472, -9.13874, 0.001, 0.001,0.001,0.001,0.001, 0.001},
   {  42, 0.999876, -0.0157602, -0.000203394, 0.0157601, 0.999876, -0.000134264, 0.000205484, 0.000131042, 1, 0.000236733, -0.000502799, -7.10796, 0.001, 0.001,0.001,0.001,0.001, 0.001},
   {  43, 0.999873, -0.0159291, -0.000140698, 0.0159292, 0.999873, 0.000924856, 0.000125948, -0.00092698, 1, 0.000555264, 0.000621118, -5.07661, 0.001, 0.001,0.001,0.001,0.001, 0.001},
   {  44, 0.999896, -0.014439, -0.000147823, 0.0144389, 0.999896, -0.000555386, 0.000155827, 0.000553194, 1, -0.000725979, 0.000725668, -3.04691, 0.001, 0.001,0.001,0.001,0.001, 0.001},
   {  45, 0.999891, -0.0147391, -3.77005e-05, 0.0147391, 0.999891, -0.000127789, 3.95799e-05, 0.00012722, 1, -0.000216542, -7.59572e-05, -1.01567, 0.001, 0.001,0.001,0.001,0.001, 0.001},
   {  46, 0.999883, -0.0152712, -0.000590462, 0.0152717, 0.999883, 0.000782257, 0.000578447, -0.000791183, 1, 0.000103542, 0.000392406, 1.016, 0.001, 0.001,0.001,0.001,0.001, 0.001},
   {  47, 0.999887, -0.0150289, -9.5032e-05, 0.0150288, 0.999887, -0.0006664, 0.000105036, 0.000664896, 1, 0.00190655, 0.000482073, 3.04723, 0.001, 0.001,0.001,0.001,0.001, 0.001},
   {  48, 0.999912, -0.0132473, -0.000335627, 0.0132469, 0.999912, -0.0010688, 0.000349756, 0.00106426, 0.999999, -2.34949e-05, -0.000705675, 5.07553, 0.001, 0.001,0.001,0.001,0.001, 0.001},
   {  49, 0.9999, -0.0141643, -0.000466465, 0.0141638, 0.999899, -0.00106229, 0.000481464, 0.00105558, 0.999999, -0.000807793, -3.12635e-05, 7.1069, 0.001, 0.001,0.001,0.001,0.001, 0.001},
   {  50, 0.999894, -0.0145454, 0.000342821, 0.0145458, 0.999894, -0.00105359, -0.000327459, 0.00105846, 0.999999, -0.00040382, -0.000253098, 9.14023, 0.001, 0.001,0.001,0.001,0.001, 0.001},
   {  51, 0.999878, -0.0156049, 0.000105329, 0.0156052, 0.999874, -0.00289125, -6.01977e-05, 0.00289254, 0.999996, -0.00119721, 0.00376599, -9.1436, 0.001, 0.001,0.001,0.001,0.001, 0.001},
   {  52, 0.999808, -0.0195798, -0.000151603, 0.0195796, 0.999807, -0.00161621, 0.000183219, 0.00161294, 0.999999, -0.000629201, 0.00125949, -7.1131, 0.001, 0.001,0.001,0.001,0.001, 0.001},
   {  53, 0.999778, -0.0210854, -0.000210211, 0.0210855, 0.999777, 0.00087232, 0.000191771, -0.000876559, 1, 7.79141e-05, -0.000448527, -5.08039, 0.001, 0.001,0.001,0.001,0.001, 0.001},
   {  54, 0.999709, -0.0241385, 5.35306e-05, 0.0241386, 0.999707, -0.0018424, -9.04199e-06, 0.00184316, 0.999998, 0.000807999, -0.0019416, -3.04763, 0.001, 0.001,0.001,0.001,0.001, 0.001},
   {  55, 0.999679, -0.0253474, -0.000512309, 0.0253472, 0.999679, -0.000538144, 0.000525785, 0.000524986, 1, 0.000866537, -0.00263163, -1.01573, 0.001, 0.001,0.001,0.001,0.001, 0.001},
   {  56, 0.999666, -0.0258606, -0.000253415, 0.0258602, 0.999665, -0.0012167, 0.000284794, 0.00120974, 0.999999, 0.00104055, -0.00316618, 1.0166, 0.001, 0.001,0.001,0.001,0.001, 0.001},
   {  57, 0.999698, -0.0245614, -0.000623191, 0.0245622, 0.999697, 0.00136635, 0.000589443, -0.00138124, 0.999999, 0.000738244, -0.00115719, 3.04877, 0.001, 0.001,0.001,0.001,0.001, 0.001},
   {  58, 0.999735, -0.0230157, -0.000497281, 0.0230155, 0.999735, -0.000489598, 0.000508417, 0.000478023, 1, 0.000137225, -0.000734861, 5.07988, 0.001, 0.001,0.001,0.001,0.001, 0.001},
   {  59, 0.999778, -0.0210348, -0.000817675, 0.0210363, 0.999777, 0.00188084, 0.000777929, -0.00189762, 0.999998, -0.000567366, 0.00158077, 7.11152, 0.001, 0.001,0.001,0.001,0.001, 0.001},
   {  60, 0.999814, -0.0192872, -0.000546101, 0.0192867, 0.999814, -0.000868852, 0.000562757, 0.000858157, 0.999999, -0.00127469, 0.00347374, 9.14367, 0.001, 0.001,0.001,0.001,0.001, 0.001},
   {  61, 0.997855, -0.0654596, -7.3778e-05, 0.0654577, 0.997834, -0.00658219, 0.000504486, 0.00656324, 0.999978, -0.00259105, 0.0104515, -9.1437, 0.001, 0.001,0.001,0.001,0.001, 0.001},
   {  62, 0.997934, -0.0642484, -0.00031811, 0.0642471, 0.99793, -0.0029692, 0.000508217, 0.00294263, 0.999996, -9.81312e-05, 0.00155165, -7.11233, 0.001, 0.001,0.001,0.001,0.001, 0.001},
   {  63, 0.998289, -0.0584712, -0.000520033, 0.05847, 0.998287, -0.00206945, 0.000640146, 0.0020355, 0.999998, 0.000249544, -0.0039571, -5.07901, 0.001, 0.001,0.001,0.001,0.001, 0.001},
   {  64, 0.998471, -0.0552751, -0.000346067, 0.0552754, 0.998471, 0.000898919, 0.00029585, -0.000916674, 1, 0.00117994, -0.00490588, -3.04765, 0.001, 0.001,0.001,0.001,0.001, 0.001},
   {  65, 0.998597, -0.0529556, -0.000393798, 0.0529563, 0.998595, 0.00208328, 0.000282923, -0.00210121, 0.999998, 0.00168047, -0.00267198, -1.01558, 0.001, 0.001,0.001,0.001,0.001, 0.001},
   {  66, 0.998738, -0.050219, -0.00111791, 0.0502181, 0.998738, -0.000807493, 0.00115705, 0.000750334, 0.999999, 0.00135458, -0.0043039, 1.01621, 0.001, 0.001,0.001,0.001,0.001, 0.001},
   {  67, 0.998841, -0.0481383, -0.000440712, 0.0481384, 0.998841, 0.000151227, 0.000432921, -0.000172267, 1, 0.000692426, -0.00455932, 3.04705, 0.001, 0.001,0.001,0.001,0.001, 0.001},
   {  68, 0.998877, -0.0473786, -0.000711773, 0.0473817, 0.998863, 0.0052798, 0.000460813, -0.0053076, 0.999986, -1.26513e-07, -0.00266776, 5.0796, 0.001, 0.001,0.001,0.001,0.001, 0.001},
   {  69, 0.999058, -0.0433965, -0.000669477, 0.043398, 0.999055, 0.00251851, 0.00055955, -0.00254519, 0.999997, -0.000618724, 0.000245527, 7.11164, 0.001, 0.001,0.001,0.001,0.001, 0.001},
   {  70, 0.999219, -0.039495, 0.00115237, 0.0394937, 0.999219, 0.00112668, -0.00119597, -0.00108029, 0.999999, -0.00184892, 0.0108172, 9.14377, 0.001, 0.001,0.001,0.001,0.001, 0.001},
   {  71, 0.999932, 0.0116367, 1.40115e-05, -0.0116367, 0.999932, -0.000709088, -2.22621e-05, 0.000708877, 1, -0.00162865, 0.00374137, -9.14282, 0.001, 0.001,0.001,0.001,0.001, 0.001},
   {  72, 0.999826, 0.0186431, 0.000148574, -0.0186433, 0.999825, 0.00165045, -0.000117779, -0.00165293, 0.999999, -0.000905848, 0.00268525, -7.11233, 0.001, 0.001,0.001,0.001,0.001, 0.001},
   {  73, 0.999773, 0.0213095, -0.000258371, -0.0213101, 0.999769, -0.00284308, 0.000197727, 0.00284794, 0.999996, 4.17044e-05, 5.7373e-05, -5.07996, 0.001, 0.001,0.001,0.001,0.001, 0.001},
   {  74, 0.999749, 0.0223833, -0.000128819, -0.0223833, 0.999749, 0.000657349, 0.000143501, -0.000654301, 1, 0.000975665, -0.00134971, -3.04884, 0.001, 0.001,0.001,0.001,0.001, 0.001},
   {  75, 0.999789, 0.0205181, -0.000283304, -0.0205181, 0.999789, -1.12063e-05, 0.000283014, 1.70168e-05, 1, 0.0012822, -0.00364041, -1.017, 0.001, 0.001,0.001,0.001,0.001, 0.001},
   {  76, 0.999801, 0.0199082, -0.00125257, -0.0199071, 0.999801, 0.000861547, 0.00126948, -0.00083644, 0.999999, 0.000926779, -0.00381886, 1.01628, 0.001, 0.001,0.001,0.001,0.001, 0.001},
   {  77, 0.999818, 0.0190679, -0.000121589, -0.0190678, 0.999818, 0.00104819, 0.000141554, -0.00104568, 0.999999, 0.00156804, -0.0021121, 3.04733, 0.001, 0.001,0.001,0.001,0.001, 0.001},
   {  78, 0.999935, 0.0113796, -0.000329534, -0.0113798, 0.999935, -0.000700709, 0.000321539, 0.000704414, 1, 0.000983043, -0.00388817, 5.07974, 0.001, 0.001,0.001,0.001,0.001, 0.001},
   {  79, 0.999967, 0.00812239, -0.000379409, -0.00812194, 0.999966, 0.00117972, 0.000388978, -0.0011766, 0.999999, -0.00103312, 0.00014037, 7.11282, 0.001, 0.001,0.001,0.001,0.001, 0.001},
   {  80, 0.999967, 0.00813701, -0.000297217, -0.00813488, 0.999945, 0.00657967, 0.000350739, -0.00657704, 0.999978, -0.00220981, 0.00818489, 9.14478, 0.001, 0.001,0.001,0.001,0.001, 0.001},
   {  81, 0, 0, 0, 0, 0, 0, 0, 0, 0, 0, 0, -9.1125, 0.001, 0.001,0.001,0.001,0.001, 0.001},
   {  82, 0, 0, 0, 0, 0, 0, 0, 0, 0, 0, 0, -7.0875, 0.001, 0.001,0.001,0.001,0.001, 0.001},
   {  83, 0, 0, 0, 0, 0, 0, 0, 0, 0, 0, 0, -5.0625, 0.001, 0.001,0.001,0.001,0.001, 0.001},
   {  84, 0, 0, 0, 0, 0, 0, 0, 0, 0, 0, 0, -3.0375, 0.001, 0.001,0.001,0.001,0.001, 0.001},
   {  85, 0, 0, 0, 0, 0, 0, 0, 0, 0, 0, 0, -1.0125, 0.001, 0.001,0.001,0.001,0.001, 0.001},
   {  86, 0, 0, 0, 0, 0, 0, 0, 0, 0, 0, 0, 1.0125, 0.001, 0.001,0.001,0.001,0.001, 0.001},
   {  87, 0, 0, 0, 0, 0, 0, 0, 0, 0, 0, 0, 3.0375, 0.001, 0.001,0.001,0.001,0.001, 0.001},
   {  88, 0, 0, 0, 0, 0, 0, 0, 0, 0, 0, 0, 5.0625, 0.001, 0.001,0.001,0.001,0.001, 0.001},
   {  89, 0, 0, 0, 0, 0, 0, 0, 0, 0, 0, 0, 7.0875, 0.001, 0.001,0.001,0.001,0.001, 0.001},
   {  90, 0, 0, 0, 0, 0, 0, 0, 0, 0, 0, 0, 9.1125, 0.001, 0.001,0.001,0.001,0.001, 0.001},
   {  91, 0, 0, 0, 0, 0, 0, 0, 0, 0, 0, 0, -9.1125, 0.001, 0.001,0.001,0.001,0.001, 0.001},
   {  92, 0, 0, 0, 0, 0, 0, 0, 0, 0, 0, 0, -7.0875, 0.001, 0.001,0.001,0.001,0.001, 0.001},
   {  93, 0, 0, 0, 0, 0, 0, 0, 0, 0, 0, 0, -5.0625, 0.001, 0.001,0.001,0.001,0.001, 0.001},
   {  94, 0, 0, 0, 0, 0, 0, 0, 0, 0, 0, 0, -3.0375, 0.001, 0.001,0.001,0.001,0.001, 0.001},
   {  95, 0, 0, 0, 0, 0, 0, 0, 0, 0, 0, 0, -1.0125, 0.001, 0.001,0.001,0.001,0.001, 0.001},
   {  96, 0, 0, 0, 0, 0, 0, 0, 0, 0, 0, 0, 1.0125, 0.001, 0.001,0.001,0.001,0.001, 0.001},
   {  97, 0, 0, 0, 0, 0, 0, 0, 0, 0, 0, 0, 3.0375, 0.001, 0.001,0.001,0.001,0.001, 0.001},
   {  98, 0, 0, 0, 0, 0, 0, 0, 0, 0, 0, 0, 5.0625, 0.001, 0.001,0.001,0.001,0.001, 0.001},
   {  99, 0, 0, 0, 0, 0, 0, 0, 0, 0, 0, 0, 7.0875, 0.001, 0.001,0.001,0.001,0.001, 0.001},
   {  100, 0, 0, 0, 0, 0, 0, 0, 0, 0, 0, 0, 9.1125, 0.001, 0.001,0.001,0.001,0.001, 0.001},
   {  101, 0, 0, 0, 0, 0, 0, 0, 0, 0, 0, 0, -9.1125, 0.001, 0.001,0.001,0.001,0.001, 0.001},
   {  102, 0, 0, 0, 0, 0, 0, 0, 0, 0, 0, 0, -7.0875, 0.001, 0.001,0.001,0.001,0.001, 0.001},
   {  103, 0, 0, 0, 0, 0, 0, 0, 0, 0, 0, 0, -5.0625, 0.001, 0.001,0.001,0.001,0.001, 0.001},
   {  104, 0, 0, 0, 0, 0, 0, 0, 0, 0, 0, 0, -3.0375, 0.001, 0.001,0.001,0.001,0.001, 0.001},
   {  105, 0, 0, 0, 0, 0, 0, 0, 0, 0, 0, 0, -1.0125, 0.001, 0.001,0.001,0.001,0.001, 0.001},
   {  106, 0, 0, 0, 0, 0, 0, 0, 0, 0, 0, 0, 1.0125, 0.001, 0.001,0.001,0.001,0.001, 0.001},
   {  107, 0, 0, 0, 0, 0, 0, 0, 0, 0, 0, 0, 3.0375, 0.001, 0.001,0.001,0.001,0.001, 0.001},
   {  108, 0, 0, 0, 0, 0, 0, 0, 0, 0, 0, 0, 5.0625, 0.001, 0.001,0.001,0.001,0.001, 0.001},
   {  109, 0, 0, 0, 0, 0, 0, 0, 0, 0, 0, 0, 7.0875, 0.001, 0.001,0.001,0.001,0.001, 0.001},
   {  110, 0, 0, 0, 0, 0, 0, 0, 0, 0, 0, 0, 9.1125, 0.001, 0.001,0.001,0.001,0.001, 0.001},
   {  111, 0, 0, 0, 0, 0, 0, 0, 0, 0, 0, 0, -9.1125, 0.001, 0.001,0.001,0.001,0.001, 0.001},
   {  112, 0, 0, 0, 0, 0, 0, 0, 0, 0, 0, 0, -7.0875, 0.001, 0.001,0.001,0.001,0.001, 0.001},
   {  113, 0, 0, 0, 0, 0, 0, 0, 0, 0, 0, 0, -5.0625, 0.001, 0.001,0.001,0.001,0.001, 0.001},
   {  114, 0, 0, 0, 0, 0, 0, 0, 0, 0, 0, 0, -3.0375, 0.001, 0.001,0.001,0.001,0.001, 0.001},
   {  115, 0, 0, 0, 0, 0, 0, 0, 0, 0, 0, 0, -1.0125, 0.001, 0.001,0.001,0.001,0.001, 0.001},
   {  116, 0, 0, 0, 0, 0, 0, 0, 0, 0, 0, 0, 1.0125, 0.001, 0.001,0.001,0.001,0.001, 0.001},
   {  117, 0, 0, 0, 0, 0, 0, 0, 0, 0, 0, 0, 3.0375, 0.001, 0.001,0.001,0.001,0.001, 0.001},
   {  118, 0, 0, 0, 0, 0, 0, 0, 0, 0, 0, 0, 5.0625, 0.001, 0.001,0.001,0.001,0.001, 0.001},
   {  119, 0, 0, 0, 0, 0, 0, 0, 0, 0, 0, 0, 7.0875, 0.001, 0.001,0.001,0.001,0.001, 0.001},
   {  120, 0, 0, 0, 0, 0, 0, 0, 0, 0, 0, 0, 9.1125, 0.001, 0.001,0.001,0.001,0.001, 0.001},
   {  121, 0.99994, -0.0109809, -0.000472553, 0.0109814, 0.999939, 0.00101586, 0.000461369, -0.00102099, 0.999999, -0.00050285, -6.41635e-05, -9.14286, 0.001, 0.001,0.001,0.001,0.001, 0.001},
   {  122, 0.999967, -0.00815118, -0.000531727, 0.00815122, 0.999967, 7.05375e-05, 0.000531134, -7.48693e-05, 1, 0.000205075, 7.52118e-05, -7.11118, 0.001, 0.001,0.001,0.001,0.001, 0.001},
   {  123, 0.999966, -0.00819796, -0.000407471, 0.00819779, 0.999966, -0.000394557, 0.000410691, 0.000391203, 1, 0.000942087, -0.000100496, -5.07864, 0.001, 0.001,0.001,0.001,0.001, 0.001},
   {  124, 0.999981, -0.00609412, -0.00048176, 0.00609434, 0.999981, 0.000455475, 0.000478976, -0.000458403, 1, 0.000401645, -0.00019454, -3.04719, 0.001, 0.001,0.001,0.001,0.001, 0.001},
   {  125, 0.99998, -0.00626921, 0.00022397, 0.00626918, 0.99998, 0.000105247, -0.000224625, -0.00010384, 1, -0.00160329, -0.000415909, -1.01509, 0.001, 0.001,0.001,0.001,0.001, 0.001},
   {  126, 0.999985, -0.00542875, -0.000585295, 0.00542904, 0.999985, 0.000507152, 0.000582533, -0.000510322, 1, 0.000610252, 0.000492196, 1.01662, 0.001, 0.001,0.001,0.001,0.001, 0.001},
   {  127, 0.999987, -0.00513579, -0.000192563, 0.00513577, 0.999987, -6.69528e-05, 0.000192905, 6.59629e-05, 1, -4.90395e-05, 0.000544855, 3.04776, 0.001, 0.001,0.001,0.001,0.001, 0.001},
   {  128, 0.999981, -0.00612654, -5.2211e-05, 0.00612657, 0.999981, 0.000736953, 4.7695e-05, -0.000737259, 1, -0.000416063, -7.65256e-05, 5.07908, 0.001, 0.001,0.001,0.001,0.001, 0.001},
   {  129, 0.999974, -0.00719211, -2.07356e-05, 0.00719211, 0.999974, 0.000283194, 1.86983e-05, -0.000283336, 1, 0.000435392, 0.00047676, 7.11135, 0.001, 0.001,0.001,0.001,0.001, 0.001},
   {  130, 0.999976, -0.00688931, 0.000152964, 0.00688965, 0.999974, -0.00233438, -0.000136878, 0.00233538, 0.999997, -2.32128e-05, -0.000737388, 9.14016, 0.001, 0.001,0.001,0.001,0.001, 0.001},
   {  131, 0.999745, -0.0225913, -0.000419833, 0.0225908, 0.999744, -0.00109614, 0.000444489, 0.00108638, 0.999999, -0.00189351, 0.0021773, -9.13982, 0.001, 0.001,0.001,0.001,0.001, 0.001},
   {  132, 0.999747, -0.0225135, -0.00020164, 0.0225135, 0.999747, 0.000118497, 0.000198921, -0.000123007, 1, -0.0009942, 0.000998241, -7.10862, 0.001, 0.001,0.001,0.001,0.001, 0.001},
   {  133, 0.999716, -0.0238399, -7.02519e-05, 0.0238399, 0.999716, -0.000638947, 8.54644e-05, 0.000637091, 1, 0.000310078, -0.000851867, -5.07731, 0.001, 0.001,0.001,0.001,0.001, 0.001},
   {  134, 0.999734, -0.023083, -0.000186429, 0.023083, 0.999734, -0.000103366, 0.000188765, 9.90355e-05, 1, 0.000847659, -0.00177305, -3.04696, 0.001, 0.001,0.001,0.001,0.001, 0.001},
   {  135, 0.99978, -0.0209524, -0.000309163, 0.0209523, 0.99978, -0.000154064, 0.000312323, 0.000147552, 1, 0.00116615, -0.00128086, -1.01649, 0.001, 0.001,0.001,0.001,0.001, 0.001},
   {  136, 0.999789, -0.0205217, -0.000494407, 0.0205221, 0.999789, 0.000785197, 0.000478189, -0.000795178, 1, 0.00169256, -0.000864255, 1.0155, 0.001, 0.001,0.001,0.001,0.001, 0.001},
   {  137, 0.999772, -0.0213543, -6.83318e-05, 0.0213543, 0.999772, 0.000852307, 5.01157e-05, -0.000853572, 1, 0.00112074, -0.000889354, 3.04489, 0.001, 0.001,0.001,0.001,0.001, 0.001},
   {  138, 0.999842, -0.0177872, -0.000299567, 0.0177875, 0.999841, 0.00101175, 0.000281523, -0.00101692, 0.999999, 0.000770442, 0.000238495, 5.07887, 0.001, 0.001,0.001,0.001,0.001, 0.001},
   {  139, 0.999837, -0.0180707, -0.000280733, 0.0180708, 0.999837, 0.000220291, 0.000276706, -0.000225328, 1, 0.000233069, 0.00107467, 7.10987, 0.001, 0.001,0.001,0.001,0.001, 0.001},
   {  140, 0.999908, -0.0135326, 6.76591e-05, 0.0135327, 0.999908, -0.00038156, -6.24894e-05, 0.000382441, 1, -0.00325299, 0.00117069, 9.14007, 0.001, 0.001,0.001,0.001,0.001, 0.001},
   {  141, 0.999999, -0.00115113, 4.68891e-05, 0.0011511, 0.999999, 0.000642958, -4.76292e-05, -0.000642904, 1, -0.0016926, 0.00280934, -9.13882, 0.001, 0.001,0.001,0.001,0.001, 0.001},
   {  142, 1, 7.67277e-05, -0.000168886, -7.72185e-05, 0.999996, -0.00290791, 0.000168662, 0.00290792, 0.999996, -0.000582045, 0.000797357, -7.10771, 0.001, 0.001,0.001,0.001,0.001, 0.001},
   {  143, 1, 0.000510382, -0.000343509, -0.00051083, 0.999999, -0.00130545, 0.000342842, 0.00130563, 0.999999, -6.14598e-05, -0.000656711, -5.07694, 0.001, 0.001,0.001,0.001,0.001, 0.001},
   {  144, 0.999999, 0.00116079, -4.31089e-05, -0.0011608, 0.999999, -0.000254519, 4.28134e-05, 0.000254568, 1, 0.000766931, -0.00187387, -3.0462, 0.001, 0.001,0.001,0.001,0.001, 0.001},
   {  145, 1, 0.000551767, -4.3471e-05, -0.000551711, 0.999999, 0.00128934, 4.41824e-05, -0.00128931, 0.999999, 0.00140364, -0.00193376, -1.01541, 0.001, 0.001,0.001,0.001,0.001, 0.001},
   {  146, 1, 0.000761495, -0.000349464, -0.000761023, 0.999999, 0.00134996, 0.000350492, -0.00134969, 0.999999, 0.00132285, -0.00168411, 1.01573, 0.001, 0.001,0.001,0.001,0.001, 0.001},
   {  147, 0.999999, 0.00145085, -0.000250833, -0.0014507, 0.999999, 0.000575348, 0.000251667, -0.000574984, 1, 0.00106815, 2.30484e-05, 3.04541, 0.001, 0.001,0.001,0.001,0.001, 0.001},
   {  148, 1, 0.000261804, -0.000338223, -0.000261663, 1, 0.000418714, 0.000338333, -0.000418625, 1, 0.000605537, -0.000324371, 5.07622, 0.001, 0.001,0.001,0.001,0.001, 0.001},
   {  149, 1, -0.000286036, -0.000516818, 0.000285748, 1, -0.00055597, 0.000516977, 0.000555822, 1, -0.00100803, 0.00116263, 7.10834, 0.001, 0.001,0.001,0.001,0.001, 0.001},
   {  150, 1, 0.000333084, -0.000395387, -0.000334165, 0.999996, -0.00273944, 0.000394473, 0.00273957, 0.999996, -0.00182297, 0.00168045, 9.13939, 0.001, 0.001,0.001,0.001,0.001, 0.001},
   {  151, 0.999777, 0.0211283, -0.000645822, -0.0211288, 0.999776, -0.000791525, 0.000628954, 0.000804994, 0.999999, -0.00073535, 0.000930956, -9.14508, 0.001, 0.001,0.001,0.001,0.001, 0.001},
   {  152, 0.999741, 0.0227589, -0.000107877, -0.0227588, 0.999741, 0.000737343, 0.00012463, -0.000734697, 1, -0.00030622, 0.000286538, -7.1122, 0.001, 0.001,0.001,0.001,0.001, 0.001},
   {  153, 0.999746, 0.0225145, -0.000507339, -0.0225147, 0.999746, -0.000523052, 0.000495434, 0.000534342, 1, 8.0308e-05, -0.000502628, -5.08065, 0.001, 0.001,0.001,0.001,0.001, 0.001},
   {  154, 0.999739, 0.0227784, -0.00149327, -0.0227792, 0.99974, -0.000499257, 0.00148151, 0.000533143, 0.999999, 0.000883724, -0.000344078, -3.04541, 0.001, 0.001,0.001,0.001,0.001, 0.001},
   {  155, 0.999776, 0.0211626, -0.000373539, -0.0211623, 0.999776, 0.000922757, 0.000392983, -0.000914645, 1, 0.000485358, -0.000759568, -1.01496, 0.001, 0.001,0.001,0.001,0.001, 0.001},
   {  156, 0.999798, 0.0201007, -0.000870501, -0.0201005, 0.999798, 0.000208379, 0.000874513, -0.00019084, 1, 0.000587498, -0.000611747, 1.01624, 0.001, 0.001,0.001,0.001,0.001, 0.001},
   {  157, 0.999783, 0.020799, 0.000759399, -0.0207996, 0.999783, 0.000697699, -0.000744723, -0.000713343, 0.999999, 0.000336763, 0.000612435, 3.0478, 0.001, 0.001,0.001,0.001,0.001, 0.001},
   {  158, 0.999819, 0.0190394, 0.000518846, -0.0190394, 0.999819, -7.09969e-05, -0.000520103, 6.11055e-05, 1, -0.000704061, -0.000578016, 5.07967, 0.001, 0.001,0.001,0.001,0.001, 0.001},
   {  159, 0.999852, 0.0171866, 0.00113211, -0.0171874, 0.999852, 0.000690611, -0.00112008, -0.000709966, 0.999999, -0.00117421, 0.000473936, 7.11225, 0.001, 0.001,0.001,0.001,0.001, 0.001},
   {  160, 0.999856, 0.0169665, 0.000490947, -0.016965, 0.999852, -0.00289578, -0.000540006, 0.00288703, 0.999996, 0.000546191, 0.000492172, 9.14234, 0.001, 0.001,0.001,0.001,0.001, 0.001},
   {  161, 0, 0, 0, 0, 0, 0, 0, 0, 0, 0, 0, -9.1125, 0.001, 0.001,0.001,0.001,0.001, 0.001},
   {  162, 0, 0, 0, 0, 0, 0, 0, 0, 0, 0, 0, -7.0875, 0.001, 0.001,0.001,0.001,0.001, 0.001},
   {  163, 0, 0, 0, 0, 0, 0, 0, 0, 0, 0, 0, -5.0625, 0.001, 0.001,0.001,0.001,0.001, 0.001},
   {  164, 0, 0, 0, 0, 0, 0, 0, 0, 0, 0, 0, -3.0375, 0.001, 0.001,0.001,0.001,0.001, 0.001},
   {  165, 0, 0, 0, 0, 0, 0, 0, 0, 0, 0, 0, -1.0125, 0.001, 0.001,0.001,0.001,0.001, 0.001},
   {  166, 0, 0, 0, 0, 0, 0, 0, 0, 0, 0, 0, 1.0125, 0.001, 0.001,0.001,0.001,0.001, 0.001},
   {  167, 0, 0, 0, 0, 0, 0, 0, 0, 0, 0, 0, 3.0375, 0.001, 0.001,0.001,0.001,0.001, 0.001},
   {  168, 0, 0, 0, 0, 0, 0, 0, 0, 0, 0, 0, 5.0625, 0.001, 0.001,0.001,0.001,0.001, 0.001},
   {  169, 0, 0, 0, 0, 0, 0, 0, 0, 0, 0, 0, 7.0875, 0.001, 0.001,0.001,0.001,0.001, 0.001},
   {  170, 0, 0, 0, 0, 0, 0, 0, 0, 0, 0, 0, 9.1125, 0.001, 0.001,0.001,0.001,0.001, 0.001},
   {  171, 0, 0, 0, 0, 0, 0, 0, 0, 0, 0, 0, -9.1125, 0.001, 0.001,0.001,0.001,0.001, 0.001},
   {  172, 0, 0, 0, 0, 0, 0, 0, 0, 0, 0, 0, -7.0875, 0.001, 0.001,0.001,0.001,0.001, 0.001},
   {  173, 0, 0, 0, 0, 0, 0, 0, 0, 0, 0, 0, -5.0625, 0.001, 0.001,0.001,0.001,0.001, 0.001},
   {  174, 0, 0, 0, 0, 0, 0, 0, 0, 0, 0, 0, -3.0375, 0.001, 0.001,0.001,0.001,0.001, 0.001},
   {  175, 0, 0, 0, 0, 0, 0, 0, 0, 0, 0, 0, -1.0125, 0.001, 0.001,0.001,0.001,0.001, 0.001},
   {  176, 0, 0, 0, 0, 0, 0, 0, 0, 0, 0, 0, 1.0125, 0.001, 0.001,0.001,0.001,0.001, 0.001},
   {  177, 0, 0, 0, 0, 0, 0, 0, 0, 0, 0, 0, 3.0375, 0.001, 0.001,0.001,0.001,0.001, 0.001},
   {  178, 0, 0, 0, 0, 0, 0, 0, 0, 0, 0, 0, 5.0625, 0.001, 0.001,0.001,0.001,0.001, 0.001},
   {  179, 0, 0, 0, 0, 0, 0, 0, 0, 0, 0, 0, 7.0875, 0.001, 0.001,0.001,0.001,0.001, 0.001},
   {  180, 0, 0, 0, 0, 0, 0, 0, 0, 0, 0, 0, 9.1125, 0.001, 0.001,0.001,0.001,0.001, 0.001},
   {  181, 0, 0, 0, 0, 0, 0, 0, 0, 0, 0, 0, -9.1125, 0.001, 0.001,0.001,0.001,0.001, 0.001},
   {  182, 0, 0, 0, 0, 0, 0, 0, 0, 0, 0, 0, -7.0875, 0.001, 0.001,0.001,0.001,0.001, 0.001},
   {  183, 0, 0, 0, 0, 0, 0, 0, 0, 0, 0, 0, -5.0625, 0.001, 0.001,0.001,0.001,0.001, 0.001},
   {  184, 0, 0, 0, 0, 0, 0, 0, 0, 0, 0, 0, -3.0375, 0.001, 0.001,0.001,0.001,0.001, 0.001},
   {  185, 0, 0, 0, 0, 0, 0, 0, 0, 0, 0, 0, -1.0125, 0.001, 0.001,0.001,0.001,0.001, 0.001},
   {  186, 0, 0, 0, 0, 0, 0, 0, 0, 0, 0, 0, 1.0125, 0.001, 0.001,0.001,0.001,0.001, 0.001},
   {  187, 0, 0, 0, 0, 0, 0, 0, 0, 0, 0, 0, 3.0375, 0.001, 0.001,0.001,0.001,0.001, 0.001},
   {  188, 0, 0, 0, 0, 0, 0, 0, 0, 0, 0, 0, 5.0625, 0.001, 0.001,0.001,0.001,0.001, 0.001},
   {  189, 0, 0, 0, 0, 0, 0, 0, 0, 0, 0, 0, 7.0875, 0.001, 0.001,0.001,0.001,0.001, 0.001},
   {  190, 0, 0, 0, 0, 0, 0, 0, 0, 0, 0, 0, 9.1125, 0.001, 0.001,0.001,0.001,0.001, 0.001},
   {  191, 0, 0, 0, 0, 0, 0, 0, 0, 0, 0, 0, -9.1125, 0.001, 0.001,0.001,0.001,0.001, 0.001},
   {  192, 0, 0, 0, 0, 0, 0, 0, 0, 0, 0, 0, -7.0875, 0.001, 0.001,0.001,0.001,0.001, 0.001},
   {  193, 0, 0, 0, 0, 0, 0, 0, 0, 0, 0, 0, -5.0625, 0.001, 0.001,0.001,0.001,0.001, 0.001},
   {  194, 0, 0, 0, 0, 0, 0, 0, 0, 0, 0, 0, -3.0375, 0.001, 0.001,0.001,0.001,0.001, 0.001},
   {  195, 0, 0, 0, 0, 0, 0, 0, 0, 0, 0, 0, -1.0125, 0.001, 0.001,0.001,0.001,0.001, 0.001},
   {  196, 0, 0, 0, 0, 0, 0, 0, 0, 0, 0, 0, 1.0125, 0.001, 0.001,0.001,0.001,0.001, 0.001},
   {  197, 0, 0, 0, 0, 0, 0, 0, 0, 0, 0, 0, 3.0375, 0.001, 0.001,0.001,0.001,0.001, 0.001},
   {  198, 0, 0, 0, 0, 0, 0, 0, 0, 0, 0, 0, 5.0625, 0.001, 0.001,0.001,0.001,0.001, 0.001},
   {  199, 0, 0, 0, 0, 0, 0, 0, 0, 0, 0, 0, 7.0875, 0.001, 0.001,0.001,0.001,0.001, 0.001},
   {  200, 0, 0, 0, 0, 0, 0, 0, 0, 0, 0, 0, 9.1125, 0.001, 0.001,0.001,0.001,0.001, 0.001},
   {  201, 0, 0, 0, 0, 0, 0, 0, 0, 0, 0, 0, -9.1125, 0.001, 0.001,0.001,0.001,0.001, 0.001},
   {  202, 0, 0, 0, 0, 0, 0, 0, 0, 0, 0, 0, -7.0875, 0.001, 0.001,0.001,0.001,0.001, 0.001},
   {  203, 0, 0, 0, 0, 0, 0, 0, 0, 0, 0, 0, -5.0625, 0.001, 0.001,0.001,0.001,0.001, 0.001},
   {  204, 0, 0, 0, 0, 0, 0, 0, 0, 0, 0, 0, -3.0375, 0.001, 0.001,0.001,0.001,0.001, 0.001},
   {  205, 0, 0, 0, 0, 0, 0, 0, 0, 0, 0, 0, -1.0125, 0.001, 0.001,0.001,0.001,0.001, 0.001},
   {  206, 0, 0, 0, 0, 0, 0, 0, 0, 0, 0, 0, 1.0125, 0.001, 0.001,0.001,0.001,0.001, 0.001},
   {  207, 0, 0, 0, 0, 0, 0, 0, 0, 0, 0, 0, 3.0375, 0.001, 0.001,0.001,0.001,0.001, 0.001},
   {  208, 0, 0, 0, 0, 0, 0, 0, 0, 0, 0, 0, 5.0625, 0.001, 0.001,0.001,0.001,0.001, 0.001},
   {  209, 0, 0, 0, 0, 0, 0, 0, 0, 0, 0, 0, 7.0875, 0.001, 0.001,0.001,0.001,0.001, 0.001},
   {  210, 0, 0, 0, 0, 0, 0, 0, 0, 0, 0, 0, 9.1125, 0.001, 0.001,0.001,0.001,0.001, 0.001},
   {  211, 0, 0, 0, 0, 0, 0, 0, 0, 0, 0, 0, -9.1125, 0.001, 0.001,0.001,0.001,0.001, 0.001},
   {  212, 0, 0, 0, 0, 0, 0, 0, 0, 0, 0, 0, -7.0875, 0.001, 0.001,0.001,0.001,0.001, 0.001},
   {  213, 0, 0, 0, 0, 0, 0, 0, 0, 0, 0, 0, -5.0625, 0.001, 0.001,0.001,0.001,0.001, 0.001},
   {  214, 0, 0, 0, 0, 0, 0, 0, 0, 0, 0, 0, -3.0375, 0.001, 0.001,0.001,0.001,0.001, 0.001},
   {  215, 0, 0, 0, 0, 0, 0, 0, 0, 0, 0, 0, -1.0125, 0.001, 0.001,0.001,0.001,0.001, 0.001},
   {  216, 0, 0, 0, 0, 0, 0, 0, 0, 0, 0, 0, 1.0125, 0.001, 0.001,0.001,0.001,0.001, 0.001},
   {  217, 0, 0, 0, 0, 0, 0, 0, 0, 0, 0, 0, 3.0375, 0.001, 0.001,0.001,0.001,0.001, 0.001},
   {  218, 0, 0, 0, 0, 0, 0, 0, 0, 0, 0, 0, 5.0625, 0.001, 0.001,0.001,0.001,0.001, 0.001},
   {  219, 0, 0, 0, 0, 0, 0, 0, 0, 0, 0, 0, 7.0875, 0.001, 0.001,0.001,0.001,0.001, 0.001},
   {  220, 0, 0, 0, 0, 0, 0, 0, 0, 0, 0, 0, 9.1125, 0.001, 0.001,0.001,0.001,0.001, 0.001},
   {  221, 0, 0, 0, 0, 0, 0, 0, 0, 0, 0, 0, -9.1125, 0.001, 0.001,0.001,0.001,0.001, 0.001},
   {  222, 0, 0, 0, 0, 0, 0, 0, 0, 0, 0, 0, -7.0875, 0.001, 0.001,0.001,0.001,0.001, 0.001},
   {  223, 0, 0, 0, 0, 0, 0, 0, 0, 0, 0, 0, -5.0625, 0.001, 0.001,0.001,0.001,0.001, 0.001},
   {  224, 0, 0, 0, 0, 0, 0, 0, 0, 0, 0, 0, -3.0375, 0.001, 0.001,0.001,0.001,0.001, 0.001},
   {  225, 0, 0, 0, 0, 0, 0, 0, 0, 0, 0, 0, -1.0125, 0.001, 0.001,0.001,0.001,0.001, 0.001},
   {  226, 0, 0, 0, 0, 0, 0, 0, 0, 0, 0, 0, 1.0125, 0.001, 0.001,0.001,0.001,0.001, 0.001},
   {  227, 0, 0, 0, 0, 0, 0, 0, 0, 0, 0, 0, 3.0375, 0.001, 0.001,0.001,0.001,0.001, 0.001},
   {  228, 0, 0, 0, 0, 0, 0, 0, 0, 0, 0, 0, 5.0625, 0.001, 0.001,0.001,0.001,0.001, 0.001},
   {  229, 0, 0, 0, 0, 0, 0, 0, 0, 0, 0, 0, 7.0875, 0.001, 0.001,0.001,0.001,0.001, 0.001},
   {  230, 0, 0, 0, 0, 0, 0, 0, 0, 0, 0, 0, 9.1125, 0.001, 0.001,0.001,0.001,0.001, 0.001},
   {  231, 0, 0, 0, 0, 0, 0, 0, 0, 0, 0, 0, -9.1125, 0.001, 0.001,0.001,0.001,0.001, 0.001},
   {  232, 0, 0, 0, 0, 0, 0, 0, 0, 0, 0, 0, -7.0875, 0.001, 0.001,0.001,0.001,0.001, 0.001},
   {  233, 0, 0, 0, 0, 0, 0, 0, 0, 0, 0, 0, -5.0625, 0.001, 0.001,0.001,0.001,0.001, 0.001},
   {  234, 0, 0, 0, 0, 0, 0, 0, 0, 0, 0, 0, -3.0375, 0.001, 0.001,0.001,0.001,0.001, 0.001},
   {  235, 0, 0, 0, 0, 0, 0, 0, 0, 0, 0, 0, -1.0125, 0.001, 0.001,0.001,0.001,0.001, 0.001},
   {  236, 0, 0, 0, 0, 0, 0, 0, 0, 0, 0, 0, 1.0125, 0.001, 0.001,0.001,0.001,0.001, 0.001},
   {  237, 0, 0, 0, 0, 0, 0, 0, 0, 0, 0, 0, 3.0375, 0.001, 0.001,0.001,0.001,0.001, 0.001},
   {  238, 0, 0, 0, 0, 0, 0, 0, 0, 0, 0, 0, 5.0625, 0.001, 0.001,0.001,0.001,0.001, 0.001},
   {  239, 0, 0, 0, 0, 0, 0, 0, 0, 0, 0, 0, 7.0875, 0.001, 0.001,0.001,0.001,0.001, 0.001},
   {  240, 0, 0, 0, 0, 0, 0, 0, 0, 0, 0, 0, 9.1125, 0.001, 0.001,0.001,0.001,0.001, 0.001},
   {  241, 0.999996, 0.00288847, -7.01594e-06, -0.00288845, 0.999995, 0.00127144, 1.06884e-05, -0.00127141, 0.999999, -0.000511611, -0.000852772, -9.11243, 0.001, 0.001,0.001,0.001,0.001, 0.001},
   {  242, 0.99999, 0.00448684, 0.000277981, -0.00448703, 0.99999, 0.000695293, -0.000274859, -0.000696534, 1, -0.000876009, -0.000223339, -7.08722, 0.001, 0.001,0.001,0.001,0.001, 0.001},
   {  243, 0.999994, 0.00340546, -4.95114e-06, -0.00340545, 0.999994, 0.000549979, 6.82404e-06, -0.000549959, 1, 0.00029416, -5.83019e-05, -5.06203, 0.001, 0.001,0.001,0.001,0.001, 0.001},
   {  244, 0.999993, 0.00371105, 0.000248029, -0.00371129, 0.999993, 0.000962853, -0.000244454, -0.000963767, 1, 0.000406443, 0.00038024, -3.0377, 0.001, 0.001,0.001,0.001,0.001, 0.001},
   {  245, 0.999991, 0.00432119, -0.000380254, -0.00432106, 0.999991, 0.000333459, 0.000381691, -0.000331812, 1, 0.000943896, 0.00115319, -1.01206, 0.001, 0.001,0.001,0.001,0.001, 0.001},
   {  246, 0.999988, 0.00489396, -0.000449224, -0.00489409, 0.999988, -0.00030763, 0.000447713, 0.000309825, 1, 0.000603367, 0.000388803, 1.01281, 0.001, 0.001,0.001,0.001,0.001, 0.001},
   {  247, 0.999989, 0.00464202, -0.000299463, -0.00464186, 0.999989, 0.00054699, 0.000301999, -0.000545594, 1, 0.000118748, 0.000297561, 3.03723, 0.001, 0.001,0.001,0.001,0.001, 0.001},
   {  248, 0.999987, 0.00513312, -0.000287991, -0.0051331, 0.999987, 6.61843e-05, 0.000288327, -6.47051e-05, 1, -0.000125278, -0.000388217, 5.06242, 0.001, 0.001,0.001,0.001,0.001, 0.001},
   {  249, 0.999985, 0.00550408, -0.000558484, -0.00550379, 0.999985, 0.000504854, 0.000561254, -0.000501773, 1, -0.000123524, 0.000151328, 7.08705, 0.001, 0.001,0.001,0.001,0.001, 0.001},
   {  250, 0.999971, 0.00760452, -5.13144e-05, -0.00760462, 0.999968, -0.00233089, 3.35875e-05, 0.00233121, 0.999997, -0.000730191, -0.000848488, 9.11192, 0.001, 0.001,0.001,0.001,0.001, 0.001},
   {  251, 0.99972, 0.0236255, 0.000886033, -0.0236264, 0.99972, 0.00103433, -0.000861348, -0.00105497, 0.999999, -0.00124191, 0.000687714, -9.11147, 0.001, 0.001,0.001,0.001,0.001, 0.001},
   {  252, 0.999694, 0.0247474, 0.000454005, -0.024747, 0.999693, -0.000865374, -0.000475282, 0.000853874, 1, -9.98771e-05, 0.000819028, -7.086, 0.001, 0.001,0.001,0.001,0.001, 0.001},
   {  253, 0.999683, 0.0251679, 0.000512611, -0.0251682, 0.999683, 0.000599011, -0.000497372, -0.000611723, 1, 0.000266472, -0.000520389, -5.06147, 0.001, 0.001,0.001,0.001,0.001, 0.001},
   {  254, 0.999686, 0.0250394, 0.000670678, -0.0250396, 0.999686, 0.000262222, -0.000663901, -0.000278933, 1, 0.00037583, -0.00135031, -3.03704, 0.001, 0.001,0.001,0.001,0.001, 0.001},
   {  255, 0.999661, 0.0260206, 0.000586852, -0.0260209, 0.999661, 0.000431654, -0.000575421, -0.000446778, 1, 0.00066089, -0.00079521, -1.01252, 0.001, 0.001,0.001,0.001,0.001, 0.001},
   {  256, 0.999676, 0.025458, 0.000448884, -0.0254581, 0.999676, 0.000298541, -0.000441138, -0.000309872, 1, 0.000555303, -0.000359405, 1.01227, 0.001, 0.001,0.001,0.001,0.001, 0.001},
   {  257, 0.999676, 0.0254512, 0.000249943, -0.0254513, 0.999676, 0.000459591, -0.000238165, -0.000465803, 1, 0.000698195, 0.000882601, 3.03682, 0.001, 0.001,0.001,0.001,0.001, 0.001},
   {  258, 0.999661, 0.0260209, 0.000380397, -0.0260212, 0.999661, 0.000910482, -0.000356576, -0.000920072, 1, 0.000279299, 0.000647261, 5.06158, 0.001, 0.001,0.001,0.001,0.001, 0.001},
   {  259, 0.999666, 0.0258613, 8.78515e-05, -0.0258612, 0.999665, -0.000641055, -0.000104401, 0.000638569, 1, -0.000322988, 0.000474135, 7.08638, 0.001, 0.001,0.001,0.001,0.001, 0.001},
   {  260, 0.999589, 0.0286757, 0.000129038, -0.0286751, 0.999584, -0.00317946, -0.000220157, 0.00317445, 0.999995, -0.00117121, -0.000485421, 9.11145, 0.001, 0.001,0.001,0.001,0.001, 0.001},
   {  261, 0.999474, -0.0324294, -4.79856e-05, 0.0324294, 0.999474, 0.000960879, 1.67996e-05, -0.000961929, 1, -0.000700843, 0.000662199, -9.11283, 0.001, 0.001,0.001,0.001,0.001, 0.001},
   {  262, 0.999567, -0.0294353, 0.000361782, 0.0294349, 0.999566, 0.0010892, -0.000393686, -0.00107808, 0.999999, -0.000208179, 0.00113745, -7.08751, 0.001, 0.001,0.001,0.001,0.001, 0.001},
   {  263, 0.999618, -0.0276474, 0.000421715, 0.0276484, 0.999615, -0.00247659, -0.000353082, 0.00248731, 0.999997, 0.000141815, 0.00028127, -5.06244, 0.001, 0.001,0.001,0.001,0.001, 0.001},
   {  264, 0.999591, -0.0286111, 0.000333827, 0.0286111, 0.999591, 0.000274107, -0.000341533, -0.000264444, 1, 0.000441148, -0.00201767, -3.03809, 0.001, 0.001,0.001,0.001,0.001, 0.001},
   {  265, 0.999643, -0.0266951, 0.000637577, 0.0266941, 0.999642, 0.00164232, -0.000681191, -0.00162472, 0.999998, 0.000311922, -0.00109905, -1.0131, 0.001, 0.001,0.001,0.001,0.001, 0.001},
   {  266, 0.999728, -0.023306, -0.000315747, 0.0233062, 0.999728, 0.000757677, 0.000298003, -0.00076483, 1, 0.000442284, 0.000602413, 1.01288, 0.001, 0.001,0.001,0.001,0.001, 0.001},
   {  267, 0.999707, -0.0242026, 9.4684e-05, 0.0242026, 0.999707, -0.00087653, -7.34419e-05, 0.000878565, 1, 0.000314277, -0.00101836, 3.03743, 0.001, 0.001,0.001,0.001,0.001, 0.001},
   {  268, 0.999702, -0.024412, -0.000274532, 0.0244126, 0.999698, 0.00273695, 0.000207635, -0.00274284, 0.999996, 0.000280268, -0.000811331, 5.06267, 0.001, 0.001,0.001,0.001,0.001, 0.001},
   {  269, 0.99984, -0.0178873, 0.000396868, 0.0178872, 0.99984, 0.000147788, -0.000399448, -0.000140665, 1, -0.000498987, 0.00284244, 7.08796, 0.001, 0.001,0.001,0.001,0.001, 0.001},
   {  270, 0.999828, -0.0185537, 0.000667352, 0.0185563, 0.999819, -0.00411343, -0.000590912, 0.00412511, 0.999991, -0.000523706, -0.000579364, 9.11303, 0.001, 0.001,0.001,0.001,0.001, 0.001},
   {  271, 0.999763, -0.0217601, -4.10481e-05, 0.0217601, 0.99976, 0.00260461, -1.56383e-05, -0.00260489, 0.999997, -0.00212143, 0.000113599, -9.14782, 0.001, 0.001,0.001,0.001,0.001, 0.001},
   {  272, 0.999818, -0.0190983, -0.00019769, 0.0190987, 0.999815, 0.00230209, 0.000153687, -0.00230545, 0.999997, -0.000431112, 0.000199625, -7.11152, 0.001, 0.001,0.001,0.001,0.001, 0.001},
   {  273, 0.9998, -0.0199788, -0.000464805, 0.0199779, 0.999799, -0.00187341, 0.00050214, 0.00186375, 0.999998, 0.000263732, 0.00133712, -5.0795, 0.001, 0.001,0.001,0.001,0.001, 0.001},
   {  274, 0.999764, -0.0217078, -6.19602e-06, 0.0217078, 0.999764, -0.000181465, 1.01338e-05, 0.000181287, 1, 0.000946655, -0.000583448, -3.04788, 0.001, 0.001,0.001,0.001,0.001, 0.001},
   {  275, 0.999732, -0.0231434, -0.00036033, 0.0231429, 0.999731, -0.00116902, 0.000387288, 0.00116037, 0.999999, 0.00160358, -0.000489026, -1.0158, 0.001, 0.001,0.001,0.001,0.001, 0.001},
   {  276, 0.999674, -0.0255407, -0.000730693, 0.0255425, 0.999671, 0.00252316, 0.000666009, -0.002541, 0.999997, 0.00119464, -0.000689655, 1.016, 0.001, 0.001,0.001,0.001,0.001, 0.001},
   {  277, 0.999571, -0.0292872, -0.000416554, 0.0292875, 0.999571, 0.000804686, 0.000392808, -0.00081654, 1, 0.000919378, -0.00118411, 3.04777, 0.001, 0.001,0.001,0.001,0.001, 0.001},
   {  278, 0.999515, -0.0311425, -0.000812521, 0.0311429, 0.999515, 0.000522813, 0.000795845, -0.000547864, 1, 0.000127018, -0.00125645, 5.08155, 0.001, 0.001,0.001,0.001,0.001, 0.001},
   {  279, 0.999638, -0.0269018, -0.000914921, 0.0269033, 0.999637, 0.00161457, 0.000871154, -0.0016386, 0.999998, -0.000789465, 0.00279071, 7.11275, 0.001, 0.001,0.001,0.001,0.001, 0.001},
   {  280, 0.999724, -0.0234876, -0.000240851, 0.0234863, 0.999713, -0.00464126, 0.000349794, 0.00463433, 0.999989, -0.00171301, -0.000238358, 9.14443, 0.001, 0.001,0.001,0.001,0.001, 0.001},
   {  281, 0, 0, 0, 0, 0, 0, 0, 0, 0, 0, 0, -9.1125, 0.001, 0.001,0.001,0.001,0.001, 0.001},
   {  282, 0, 0, 0, 0, 0, 0, 0, 0, 0, 0, 0, -7.0875, 0.001, 0.001,0.001,0.001,0.001, 0.001},
   {  283, 0, 0, 0, 0, 0, 0, 0, 0, 0, 0, 0, -5.0625, 0.001, 0.001,0.001,0.001,0.001, 0.001},
   {  284, 0, 0, 0, 0, 0, 0, 0, 0, 0, 0, 0, -3.0375, 0.001, 0.001,0.001,0.001,0.001, 0.001},
   {  285, 0, 0, 0, 0, 0, 0, 0, 0, 0, 0, 0, -1.0125, 0.001, 0.001,0.001,0.001,0.001, 0.001},
   {  286, 0, 0, 0, 0, 0, 0, 0, 0, 0, 0, 0, 1.0125, 0.001, 0.001,0.001,0.001,0.001, 0.001},
   {  287, 0, 0, 0, 0, 0, 0, 0, 0, 0, 0, 0, 3.0375, 0.001, 0.001,0.001,0.001,0.001, 0.001},
   {  288, 0, 0, 0, 0, 0, 0, 0, 0, 0, 0, 0, 5.0625, 0.001, 0.001,0.001,0.001,0.001, 0.001},
   {  289, 0, 0, 0, 0, 0, 0, 0, 0, 0, 0, 0, 7.0875, 0.001, 0.001,0.001,0.001,0.001, 0.001},
   {  290, 0, 0, 0, 0, 0, 0, 0, 0, 0, 0, 0, 9.1125, 0.001, 0.001,0.001,0.001,0.001, 0.001},
   {  291, 0, 0, 0, 0, 0, 0, 0, 0, 0, 0, 0, -9.1125, 0.001, 0.001,0.001,0.001,0.001, 0.001},
   {  292, 0, 0, 0, 0, 0, 0, 0, 0, 0, 0, 0, -7.0875, 0.001, 0.001,0.001,0.001,0.001, 0.001},
   {  293, 0, 0, 0, 0, 0, 0, 0, 0, 0, 0, 0, -5.0625, 0.001, 0.001,0.001,0.001,0.001, 0.001},
   {  294, 0, 0, 0, 0, 0, 0, 0, 0, 0, 0, 0, -3.0375, 0.001, 0.001,0.001,0.001,0.001, 0.001},
   {  295, 0, 0, 0, 0, 0, 0, 0, 0, 0, 0, 0, -1.0125, 0.001, 0.001,0.001,0.001,0.001, 0.001},
   {  296, 0, 0, 0, 0, 0, 0, 0, 0, 0, 0, 0, 1.0125, 0.001, 0.001,0.001,0.001,0.001, 0.001},
   {  297, 0, 0, 0, 0, 0, 0, 0, 0, 0, 0, 0, 3.0375, 0.001, 0.001,0.001,0.001,0.001, 0.001},
   {  298, 0, 0, 0, 0, 0, 0, 0, 0, 0, 0, 0, 5.0625, 0.001, 0.001,0.001,0.001,0.001, 0.001},
   {  299, 0, 0, 0, 0, 0, 0, 0, 0, 0, 0, 0, 7.0875, 0.001, 0.001,0.001,0.001,0.001, 0.001},
   {  300, 0, 0, 0, 0, 0, 0, 0, 0, 0, 0, 0, 9.1125, 0.001, 0.001,0.001,0.001,0.001, 0.001},
   {  301, 0, 0, 0, 0, 0, 0, 0, 0, 0, 0, 0, -9.1125, 0.001, 0.001,0.001,0.001,0.001, 0.001},
   {  302, 0, 0, 0, 0, 0, 0, 0, 0, 0, 0, 0, -7.0875, 0.001, 0.001,0.001,0.001,0.001, 0.001},
   {  303, 0, 0, 0, 0, 0, 0, 0, 0, 0, 0, 0, -5.0625, 0.001, 0.001,0.001,0.001,0.001, 0.001},
   {  304, 0, 0, 0, 0, 0, 0, 0, 0, 0, 0, 0, -3.0375, 0.001, 0.001,0.001,0.001,0.001, 0.001},
   {  305, 0, 0, 0, 0, 0, 0, 0, 0, 0, 0, 0, -1.0125, 0.001, 0.001,0.001,0.001,0.001, 0.001},
   {  306, 0, 0, 0, 0, 0, 0, 0, 0, 0, 0, 0, 1.0125, 0.001, 0.001,0.001,0.001,0.001, 0.001},
   {  307, 0, 0, 0, 0, 0, 0, 0, 0, 0, 0, 0, 3.0375, 0.001, 0.001,0.001,0.001,0.001, 0.001},
   {  308, 0, 0, 0, 0, 0, 0, 0, 0, 0, 0, 0, 5.0625, 0.001, 0.001,0.001,0.001,0.001, 0.001},
